% # columns="iteration, evaluation, min 25%tile 75%tile max correlation, correlation matrix principal axes lengths  (sorted square roots of eigenvalues of correlation matrix)", seed=645506, Mon Mar  2 21:47:18 2026
1 10 -0.051289392350503 -0.025521686138331078 0.022291036133996 0.05819220542579725 0.9384812570315526 0.9441087842223429 0.9646771159167862 0.9875864599939428 0.9992164189163508 1.0055833473192883 1.0136357618415557 1.0171448591785859 1.0446316452019555 1.0765941032650286
2 20 -0.10056890520064204 -0.03869727831604194 0.02758200570685701 0.10247332483103166 0.9384812570315526 0.9441087842223429 0.9646771159167862 0.9875864599939428 0.9992164189163508 1.0055833473192883 1.0136357618415557 1.0171448591785859 1.0446316452019555 1.0765941032650286
3 30 -0.1279140092252148 -0.04660315904584765 0.04221221850992991 0.09680704524273126 0.9384812570315526 0.9441087842223429 0.9646771159167862 0.9875864599939428 0.9992164189163508 1.0055833473192883 1.0136357618415557 1.0171448591785859 1.0446316452019555 1.0765941032650286
4 40 -0.14517842770454356 -0.048108049092527166 0.04082177875950734 0.16479582983551733 0.9384812570315526 0.9441087842223429 0.9646771159167862 0.9875864599939428 0.9992164189163508 1.0055833473192883 1.0136357618415557 1.0171448591785859 1.0446316452019555 1.0765941032650286
5 50 -0.17443072517605554 -0.05996145292150463 0.04994414575058251 0.1958555501994864 0.9384812570315526 0.9441087842223429 0.9646771159167862 0.9875864599939428 0.9992164189163508 1.0055833473192883 1.0136357618415557 1.0171448591785859 1.0446316452019555 1.0765941032650286
6 60 -0.18514238188903143 -0.05351685044086237 0.03990977167301159 0.2485808516992329 0.9384812570315526 0.9441087842223429 0.9646771159167862 0.9875864599939428 0.9992164189163508 1.0055833473192883 1.0136357618415557 1.0171448591785859 1.0446316452019555 1.0765941032650286
7 70 -0.17511751615436233 -0.05967205013391725 0.05083705587488632 0.26372256890455376 0.9384812570315526 0.9441087842223429 0.9646771159167862 0.9875864599939428 0.9992164189163508 1.0055833473192883 1.0136357618415557 1.0171448591785859 1.0446316452019555 1.0765941032650286
8 80 -0.22868669011437776 -0.06685250953574781 0.07836750234317988 0.274461818370041 0.9384812570315526 0.9441087842223429 0.9646771159167862 0.9875864599939428 0.9992164189163508 1.0055833473192883 1.0136357618415557 1.0171448591785859 1.0446316452019555 1.0765941032650286
9 90 -0.21988323282612887 -0.06670980377804848 0.07020479843384392 0.2906384691868449 0.9384812570315526 0.9441087842223429 0.9646771159167862 0.9875864599939428 0.9992164189163508 1.0055833473192883 1.0136357618415557 1.0171448591785859 1.0446316452019555 1.0765941032650286
10 100 -0.25850397689488047 -0.07301831406793155 0.08277215277829848 0.25660169582796616 0.9384812570315526 0.9441087842223429 0.9646771159167862 0.9875864599939428 0.9992164189163508 1.0055833473192883 1.0136357618415557 1.0171448591785859 1.0446316452019555 1.0765941032650286
11 110 -0.33955507329469936 -0.06969843027001693 0.06798947924479894 0.2738917130217527 0.7312862526864328 0.7931814247844505 0.8452745009851221 0.9141618109363975 0.9552358306026243 0.9726304522235301 1.0263791676274934 1.0755331763406581 1.234507280559865 1.301223778546375
12 120 -0.36847022214375 -0.08963955307030136 0.09372963682787794 0.3273787847813621 0.7312862526864328 0.7931814247844505 0.8452745009851221 0.9141618109363975 0.9552358306026243 0.9726304522235301 1.0263791676274934 1.0755331763406581 1.234507280559865 1.301223778546375
13 130 -0.36705775479604946 -0.10917551978464679 0.12347781728131903 0.38544223654503035 0.7312862526864328 0.7931814247844505 0.8452745009851221 0.9141618109363975 0.9552358306026243 0.9726304522235301 1.0263791676274934 1.0755331763406581 1.234507280559865 1.301223778546375
14 140 -0.4137014745555735 -0.11564487232898185 0.1198597935547387 0.42433828349465647 0.7312862526864328 0.7931814247844505 0.8452745009851221 0.9141618109363975 0.9552358306026243 0.9726304522235301 1.0263791676274934 1.0755331763406581 1.234507280559865 1.301223778546375
15 150 -0.4541981678997611 -0.10030732635236315 0.11321853543267747 0.4171542047215541 0.7312862526864328 0.7931814247844505 0.8452745009851221 0.9141618109363975 0.9552358306026243 0.9726304522235301 1.0263791676274934 1.0755331763406581 1.234507280559865 1.301223778546375
16 160 -0.46673496860409774 -0.0912994653868349 0.12149507373983315 0.3945914323471599 0.7312862526864328 0.7931814247844505 0.8452745009851221 0.9141618109363975 0.9552358306026243 0.9726304522235301 1.0263791676274934 1.0755331763406581 1.234507280559865 1.301223778546375
17 170 -0.47746185320699175 -0.10457919209749847 0.11489490703869326 0.41498491086137207 0.7312862526864328 0.7931814247844505 0.8452745009851221 0.9141618109363975 0.9552358306026243 0.9726304522235301 1.0263791676274934 1.0755331763406581 1.234507280559865 1.301223778546375
18 180 -0.4564168178996382 -0.11510804742778136 0.11420314226222437 0.4088113226065262 0.7312862526864328 0.7931814247844505 0.8452745009851221 0.9141618109363975 0.9552358306026243 0.9726304522235301 1.0263791676274934 1.0755331763406581 1.234507280559865 1.301223778546375
19 190 -0.46216396672828164 -0.10757287268735014 0.11067159774255386 0.4132937739982564 0.7312862526864328 0.7931814247844505 0.8452745009851221 0.9141618109363975 0.9552358306026243 0.9726304522235301 1.0263791676274934 1.0755331763406581 1.234507280559865 1.301223778546375
20 200 -0.45707227079143087 -0.09723412268548243 0.1179874729314537 0.38030138343568126 0.7312862526864328 0.7931814247844505 0.8452745009851221 0.9141618109363975 0.9552358306026243 0.9726304522235301 1.0263791676274934 1.0755331763406581 1.234507280559865 1.301223778546375
21 210 -0.4741138807909377 -0.10752301976951834 0.12271667873660969 0.33628902856233034 0.615331935606964 0.7873539364187058 0.7974773910911822 0.8321438713412522 0.9137600843568631 0.9926158607582092 1.0260651133733432 1.0795121275503714 1.3288713536859005 1.3670069173438555
22 220 -0.46329805557594583 -0.11055960833102309 0.10189085573152444 0.3179001532708361 0.615331935606964 0.7873539364187058 0.7974773910911822 0.8321438713412522 0.9137600843568631 0.9926158607582092 1.0260651133733432 1.0795121275503714 1.3288713536859005 1.3670069173438555
23 230 -0.45129315290738176 -0.13263564628701519 0.12066239031932345 0.3360402757481923 0.615331935606964 0.7873539364187058 0.7974773910911822 0.8321438713412522 0.9137600843568631 0.9926158607582092 1.0260651133733432 1.0795121275503714 1.3288713536859005 1.3670069173438555
24 240 -0.4795385993308096 -0.12757755232016532 0.12060924477147371 0.3496472633800879 0.615331935606964 0.7873539364187058 0.7974773910911822 0.8321438713412522 0.9137600843568631 0.9926158607582092 1.0260651133733432 1.0795121275503714 1.3288713536859005 1.3670069173438555
25 250 -0.5250261493167915 -0.11985651666043548 0.12572270799382573 0.34003337363252756 0.615331935606964 0.7873539364187058 0.7974773910911822 0.8321438713412522 0.9137600843568631 0.9926158607582092 1.0260651133733432 1.0795121275503714 1.3288713536859005 1.3670069173438555
26 260 -0.539201195527399 -0.11672386756049699 0.11409758988824475 0.33835029743807044 0.615331935606964 0.7873539364187058 0.7974773910911822 0.8321438713412522 0.9137600843568631 0.9926158607582092 1.0260651133733432 1.0795121275503714 1.3288713536859005 1.3670069173438555
27 270 -0.5280056595371025 -0.10651523614657821 0.10424255437028124 0.37089600457771255 0.615331935606964 0.7873539364187058 0.7974773910911822 0.8321438713412522 0.9137600843568631 0.9926158607582092 1.0260651133733432 1.0795121275503714 1.3288713536859005 1.3670069173438555
28 280 -0.5595298777101552 -0.11518794331277554 0.11789021214190706 0.36261346433461183 0.615331935606964 0.7873539364187058 0.7974773910911822 0.8321438713412522 0.9137600843568631 0.9926158607582092 1.0260651133733432 1.0795121275503714 1.3288713536859005 1.3670069173438555
29 290 -0.5707643254758156 -0.10027246319623842 0.11410569590690241 0.37607848961836293 0.615331935606964 0.7873539364187058 0.7974773910911822 0.8321438713412522 0.9137600843568631 0.9926158607582092 1.0260651133733432 1.0795121275503714 1.3288713536859005 1.3670069173438555
30 300 -0.5391874389911269 -0.09510592513315004 0.11220035567965596 0.37752375665176835 0.615331935606964 0.7873539364187058 0.7974773910911822 0.8321438713412522 0.9137600843568631 0.9926158607582092 1.0260651133733432 1.0795121275503714 1.3288713536859005 1.3670069173438555
31 310 -0.5149035086027473 -0.09965445123164574 0.10610460470236135 0.3916321096652057 0.5509834672308417 0.7160126094699819 0.7815504585122657 0.8289659019061194 0.9089008520962368 1.000076710465724 1.103646051623579 1.1144007350659921 1.271911400043736 1.4077646022315462
32 320 -0.5384527278841236 -0.09052256433491844 0.09864267395394388 0.3912431804461321 0.5509834672308417 0.7160126094699819 0.7815504585122657 0.8289659019061194 0.9089008520962368 1.000076710465724 1.103646051623579 1.1144007350659921 1.271911400043736 1.4077646022315462
33 330 -0.5607392373342809 -0.06791601523139934 0.12930116685467974 0.4556254225469664 0.5509834672308417 0.7160126094699819 0.7815504585122657 0.8289659019061194 0.9089008520962368 1.000076710465724 1.103646051623579 1.1144007350659921 1.271911400043736 1.4077646022315462
34 340 -0.5557244983190665 -0.06627850385608136 0.14648021293079222 0.47557479614690906 0.5509834672308417 0.7160126094699819 0.7815504585122657 0.8289659019061194 0.9089008520962368 1.000076710465724 1.103646051623579 1.1144007350659921 1.271911400043736 1.4077646022315462
35 350 -0.5426164767394355 -0.061000612796606936 0.1518865624262748 0.46875862595942025 0.5509834672308417 0.7160126094699819 0.7815504585122657 0.8289659019061194 0.9089008520962368 1.000076710465724 1.103646051623579 1.1144007350659921 1.271911400043736 1.4077646022315462
36 360 -0.5527692978463268 -0.043982475818119614 0.17783454900717816 0.4916918075541955 0.5509834672308417 0.7160126094699819 0.7815504585122657 0.8289659019061194 0.9089008520962368 1.000076710465724 1.103646051623579 1.1144007350659921 1.271911400043736 1.4077646022315462
37 370 -0.5530985290763901 -0.05398708826507349 0.16801187711628768 0.49335658682816086 0.5509834672308417 0.7160126094699819 0.7815504585122657 0.8289659019061194 0.9089008520962368 1.000076710465724 1.103646051623579 1.1144007350659921 1.271911400043736 1.4077646022315462
38 380 -0.5379627368032135 -0.07395924756652456 0.16503019622851275 0.49728396020307547 0.5509834672308417 0.7160126094699819 0.7815504585122657 0.8289659019061194 0.9089008520962368 1.000076710465724 1.103646051623579 1.1144007350659921 1.271911400043736 1.4077646022315462
39 390 -0.4914669983651354 -0.07442977660493577 0.16280327510917986 0.49181702338083577 0.5509834672308417 0.7160126094699819 0.7815504585122657 0.8289659019061194 0.9089008520962368 1.000076710465724 1.103646051623579 1.1144007350659921 1.271911400043736 1.4077646022315462
40 400 -0.5002161583668859 -0.075372755430623 0.16688308497075055 0.49190960091599034 0.5509834672308417 0.7160126094699819 0.7815504585122657 0.8289659019061194 0.9089008520962368 1.000076710465724 1.103646051623579 1.1144007350659921 1.271911400043736 1.4077646022315462
41 410 -0.5053790447663021 -0.07198262256788418 0.16416167310504456 0.48430465227530173 0.5116325616009778 0.6874060595509591 0.7213729078502367 0.832549075960147 0.8673186947750037 0.948670315968747 1.0855482568937347 1.1686575205321375 1.2868404911302365 1.4831848301812312
42 420 -0.5303144984524593 -0.06456241110126068 0.14721479739101132 0.5083098049251161 0.5116325616009778 0.6874060595509591 0.7213729078502367 0.832549075960147 0.8673186947750037 0.948670315968747 1.0855482568937347 1.1686575205321375 1.2868404911302365 1.4831848301812312
43 430 -0.558089707668451 -0.04841110838350607 0.16304590450294398 0.5193030151275057 0.5116325616009778 0.6874060595509591 0.7213729078502367 0.832549075960147 0.8673186947750037 0.948670315968747 1.0855482568937347 1.1686575205321375 1.2868404911302365 1.4831848301812312
44 440 -0.5839965499243845 -0.07737848777177841 0.1845969112226711 0.5172350049941725 0.5116325616009778 0.6874060595509591 0.7213729078502367 0.832549075960147 0.8673186947750037 0.948670315968747 1.0855482568937347 1.1686575205321375 1.2868404911302365 1.4831848301812312
45 450 -0.598605818658688 -0.10845803884566357 0.17736797555580142 0.5120422435500953 0.5116325616009778 0.6874060595509591 0.7213729078502367 0.832549075960147 0.8673186947750037 0.948670315968747 1.0855482568937347 1.1686575205321375 1.2868404911302365 1.4831848301812312
46 460 -0.597533868948476 -0.111036884180955 0.17245277187962704 0.5140383282303023 0.5116325616009778 0.6874060595509591 0.7213729078502367 0.832549075960147 0.8673186947750037 0.948670315968747 1.0855482568937347 1.1686575205321375 1.2868404911302365 1.4831848301812312
47 470 -0.5993487062492486 -0.08970924781152306 0.18150548942599887 0.5195790274423072 0.5116325616009778 0.6874060595509591 0.7213729078502367 0.832549075960147 0.8673186947750037 0.948670315968747 1.0855482568937347 1.1686575205321375 1.2868404911302365 1.4831848301812312
48 480 -0.594893254535452 -0.07879291014166896 0.1789439038865 0.4828061437970068 0.5116325616009778 0.6874060595509591 0.7213729078502367 0.832549075960147 0.8673186947750037 0.948670315968747 1.0855482568937347 1.1686575205321375 1.2868404911302365 1.4831848301812312
49 490 -0.5958799225751227 -0.06911234562587111 0.1715627667816064 0.44866980867911227 0.5116325616009778 0.6874060595509591 0.7213729078502367 0.832549075960147 0.8673186947750037 0.948670315968747 1.0855482568937347 1.1686575205321375 1.2868404911302365 1.4831848301812312
50 500 -0.579981222713735 -0.09208468285145305 0.16833098767737317 0.4361124530758181 0.5116325616009778 0.6874060595509591 0.7213729078502367 0.832549075960147 0.8673186947750037 0.948670315968747 1.0855482568937347 1.1686575205321375 1.2868404911302365 1.4831848301812312
51 510 -0.5890485917171775 -0.06879649766409197 0.1638880185482948 0.4177050049795588 0.4923308872814584 0.6665769275624107 0.7355798878547759 0.7872247620237921 0.9224741495693596 0.9877615323731517 1.0934866717567695 1.133929805308327 1.2317916332110028 1.5254615583243891
52 520 -0.594764879403218 -0.07782708167794475 0.18974433483561412 0.41567438085177716 0.4923308872814584 0.6665769275624107 0.7355798878547759 0.7872247620237921 0.9224741495693596 0.9877615323731517 1.0934866717567695 1.133929805308327 1.2317916332110028 1.5254615583243891
53 530 -0.5959467050465929 -0.10109127216410893 0.19821624976656943 0.39979413937643854 0.4923308872814584 0.6665769275624107 0.7355798878547759 0.7872247620237921 0.9224741495693596 0.9877615323731517 1.0934866717567695 1.133929805308327 1.2317916332110028 1.5254615583243891
54 540 -0.5775310133791098 -0.08890290351229403 0.1803199010632306 0.394469548934146 0.4923308872814584 0.6665769275624107 0.7355798878547759 0.7872247620237921 0.9224741495693596 0.9877615323731517 1.0934866717567695 1.133929805308327 1.2317916332110028 1.5254615583243891
55 550 -0.5566866005827322 -0.0775657296872952 0.2146425674389768 0.3889920364882354 0.4923308872814584 0.6665769275624107 0.7355798878547759 0.7872247620237921 0.9224741495693596 0.9877615323731517 1.0934866717567695 1.133929805308327 1.2317916332110028 1.5254615583243891
56 560 -0.5319351337500132 -0.09301666918767346 0.1848941531510417 0.37699437937405295 0.4923308872814584 0.6665769275624107 0.7355798878547759 0.7872247620237921 0.9224741495693596 0.9877615323731517 1.0934866717567695 1.133929805308327 1.2317916332110028 1.5254615583243891
57 570 -0.5258531520995914 -0.11019472848427526 0.17770408057870352 0.37329213224371843 0.4923308872814584 0.6665769275624107 0.7355798878547759 0.7872247620237921 0.9224741495693596 0.9877615323731517 1.0934866717567695 1.133929805308327 1.2317916332110028 1.5254615583243891
58 580 -0.49263194582002257 -0.08868560218616697 0.1718068478222461 0.40437749374404874 0.4923308872814584 0.6665769275624107 0.7355798878547759 0.7872247620237921 0.9224741495693596 0.9877615323731517 1.0934866717567695 1.133929805308327 1.2317916332110028 1.5254615583243891
59 590 -0.5002716880272562 -0.09374438062442257 0.1836608021172685 0.3792552405093965 0.4923308872814584 0.6665769275624107 0.7355798878547759 0.7872247620237921 0.9224741495693596 0.9877615323731517 1.0934866717567695 1.133929805308327 1.2317916332110028 1.5254615583243891
60 600 -0.4708810828966284 -0.07150513831338487 0.16744297496473387 0.36201121988048257 0.4923308872814584 0.6665769275624107 0.7355798878547759 0.7872247620237921 0.9224741495693596 0.9877615323731517 1.0934866717567695 1.133929805308327 1.2317916332110028 1.5254615583243891
61 610 -0.47350120728351086 -0.0762602624692942 0.1708109731245418 0.3520412853309472 0.530447622983352 0.6614496339745793 0.7524957995656951 0.8486393899509617 0.8946574556172603 0.9389922511965536 1.0673064992903671 1.158145012799672 1.2159136725128945 1.5341653935098143
62 620 -0.4572727685661284 -0.08264913998124626 0.1745860737048555 0.357825756530678 0.530447622983352 0.6614496339745793 0.7524957995656951 0.8486393899509617 0.8946574556172603 0.9389922511965536 1.0673064992903671 1.158145012799672 1.2159136725128945 1.5341653935098143
63 630 -0.4362713293561604 -0.0682445589042667 0.17176417836169144 0.3481346034821703 0.530447622983352 0.6614496339745793 0.7524957995656951 0.8486393899509617 0.8946574556172603 0.9389922511965536 1.0673064992903671 1.158145012799672 1.2159136725128945 1.5341653935098143
64 640 -0.4184301303184634 -0.07176296145771396 0.14989413556623277 0.3692506383363185 0.530447622983352 0.6614496339745793 0.7524957995656951 0.8486393899509617 0.8946574556172603 0.9389922511965536 1.0673064992903671 1.158145012799672 1.2159136725128945 1.5341653935098143
65 650 -0.42857768086628284 -0.06742813638358364 0.14498669068388242 0.37451678603287347 0.530447622983352 0.6614496339745793 0.7524957995656951 0.8486393899509617 0.8946574556172603 0.9389922511965536 1.0673064992903671 1.158145012799672 1.2159136725128945 1.5341653935098143
66 660 -0.4025125700282244 -0.06482312346582066 0.1544822833114984 0.38323415983620157 0.530447622983352 0.6614496339745793 0.7524957995656951 0.8486393899509617 0.8946574556172603 0.9389922511965536 1.0673064992903671 1.158145012799672 1.2159136725128945 1.5341653935098143
67 670 -0.412240583219976 -0.07799313950498521 0.15283651645181223 0.4438491078158352 0.530447622983352 0.6614496339745793 0.7524957995656951 0.8486393899509617 0.8946574556172603 0.9389922511965536 1.0673064992903671 1.158145012799672 1.2159136725128945 1.5341653935098143
68 680 -0.3752691403175904 -0.07896632082848629 0.13754636283883664 0.40368590853876163 0.530447622983352 0.6614496339745793 0.7524957995656951 0.8486393899509617 0.8946574556172603 0.9389922511965536 1.0673064992903671 1.158145012799672 1.2159136725128945 1.5341653935098143
69 690 -0.3812777532311639 -0.07802006432943988 0.13776203819821947 0.3851638322260998 0.530447622983352 0.6614496339745793 0.7524957995656951 0.8486393899509617 0.8946574556172603 0.9389922511965536 1.0673064992903671 1.158145012799672 1.2159136725128945 1.5341653935098143
70 700 -0.3866033501228707 -0.07941160533456594 0.13744031071385926 0.3940378441552723 0.530447622983352 0.6614496339745793 0.7524957995656951 0.8486393899509617 0.8946574556172603 0.9389922511965536 1.0673064992903671 1.158145012799672 1.2159136725128945 1.5341653935098143
71 710 -0.41681045593317073 -0.09073162516318811 0.13606157715778447 0.38777814882078165 0.5088070345040996 0.658589259606992 0.7900660987502813 0.8649666553591183 0.8983182791023567 0.9660763305858993 1.0831971161959453 1.1636089880294143 1.1846938607241904 1.5046339133518358
72 720 -0.3987366059602327 -0.11033032235827239 0.14229884695215891 0.36890046602248544 0.5088070345040996 0.658589259606992 0.7900660987502813 0.8649666553591183 0.8983182791023567 0.9660763305858993 1.0831971161959453 1.1636089880294143 1.1846938607241904 1.5046339133518358
73 730 -0.4147686050760501 -0.11457887581989865 0.1466617279309015 0.37591143700985896 0.5088070345040996 0.658589259606992 0.7900660987502813 0.8649666553591183 0.8983182791023567 0.9660763305858993 1.0831971161959453 1.1636089880294143 1.1846938607241904 1.5046339133518358
74 740 -0.3783590441725821 -0.10073282474283758 0.15924150126346587 0.3466919073413412 0.5088070345040996 0.658589259606992 0.7900660987502813 0.8649666553591183 0.8983182791023567 0.9660763305858993 1.0831971161959453 1.1636089880294143 1.1846938607241904 1.5046339133518358
75 750 -0.38290905562060445 -0.09273067963461334 0.1729204982291409 0.3744477398404762 0.5088070345040996 0.658589259606992 0.7900660987502813 0.8649666553591183 0.8983182791023567 0.9660763305858993 1.0831971161959453 1.1636089880294143 1.1846938607241904 1.5046339133518358
76 760 -0.4278106155844859 -0.10543389372639926 0.16672082149775097 0.34863255871392945 0.5088070345040996 0.658589259606992 0.7900660987502813 0.8649666553591183 0.8983182791023567 0.9660763305858993 1.0831971161959453 1.1636089880294143 1.1846938607241904 1.5046339133518358
77 770 -0.42720636936677714 -0.08892198519329655 0.15361224243582405 0.3399381050883861 0.5088070345040996 0.658589259606992 0.7900660987502813 0.8649666553591183 0.8983182791023567 0.9660763305858993 1.0831971161959453 1.1636089880294143 1.1846938607241904 1.5046339133518358
78 780 -0.40643719415744534 -0.09337569133636284 0.13439908386022437 0.343891693800963 0.5088070345040996 0.658589259606992 0.7900660987502813 0.8649666553591183 0.8983182791023567 0.9660763305858993 1.0831971161959453 1.1636089880294143 1.1846938607241904 1.5046339133518358
79 790 -0.3815853965456472 -0.07275950811427374 0.1476891938485959 0.3375297232731197 0.5088070345040996 0.658589259606992 0.7900660987502813 0.8649666553591183 0.8983182791023567 0.9660763305858993 1.0831971161959453 1.1636089880294143 1.1846938607241904 1.5046339133518358
80 800 -0.36589643732581195 -0.07967316610851924 0.13067270094851602 0.3288530432143325 0.5088070345040996 0.658589259606992 0.7900660987502813 0.8649666553591183 0.8983182791023567 0.9660763305858993 1.0831971161959453 1.1636089880294143 1.1846938607241904 1.5046339133518358
81 810 -0.3368135438457174 -0.08422121359548568 0.1453337772933002 0.3220948326285353 0.53999595778987 0.7174861182115723 0.7878972297674844 0.8417286151940125 0.8769578610718781 0.9835235758117263 1.1116966293347048 1.1829650981066318 1.2791881550329585 1.362481948566708
82 820 -0.30608300858076054 -0.07699070676526758 0.15287208448918332 0.3062813356143357 0.53999595778987 0.7174861182115723 0.7878972297674844 0.8417286151940125 0.8769578610718781 0.9835235758117263 1.1116966293347048 1.1829650981066318 1.2791881550329585 1.362481948566708
83 830 -0.3301210161881422 -0.07530840613499704 0.1365857184826335 0.3275469376947884 0.53999595778987 0.7174861182115723 0.7878972297674844 0.8417286151940125 0.8769578610718781 0.9835235758117263 1.1116966293347048 1.1829650981066318 1.2791881550329585 1.362481948566708
84 840 -0.3331222316770576 -0.11632055238304505 0.14590343303411235 0.32749610217585695 0.53999595778987 0.7174861182115723 0.7878972297674844 0.8417286151940125 0.8769578610718781 0.9835235758117263 1.1116966293347048 1.1829650981066318 1.2791881550329585 1.362481948566708
85 850 -0.3421439456784439 -0.12092803689650924 0.1186874117349564 0.3311052787800376 0.53999595778987 0.7174861182115723 0.7878972297674844 0.8417286151940125 0.8769578610718781 0.9835235758117263 1.1116966293347048 1.1829650981066318 1.2791881550329585 1.362481948566708
86 860 -0.3374276021792424 -0.13117405662738155 0.1050693983784402 0.36620983740343205 0.53999595778987 0.7174861182115723 0.7878972297674844 0.8417286151940125 0.8769578610718781 0.9835235758117263 1.1116966293347048 1.1829650981066318 1.2791881550329585 1.362481948566708
87 870 -0.3682439652836469 -0.12441196603436083 0.10969910336437952 0.3520304126676464 0.53999595778987 0.7174861182115723 0.7878972297674844 0.8417286151940125 0.8769578610718781 0.9835235758117263 1.1116966293347048 1.1829650981066318 1.2791881550329585 1.362481948566708
88 880 -0.3557354676205588 -0.12750298513768019 0.11223679685415164 0.35659923678221045 0.53999595778987 0.7174861182115723 0.7878972297674844 0.8417286151940125 0.8769578610718781 0.9835235758117263 1.1116966293347048 1.1829650981066318 1.2791881550329585 1.362481948566708
89 890 -0.3840368633447259 -0.11524098225891682 0.09500828287242997 0.3372814253119464 0.53999595778987 0.7174861182115723 0.7878972297674844 0.8417286151940125 0.8769578610718781 0.9835235758117263 1.1116966293347048 1.1829650981066318 1.2791881550329585 1.362481948566708
90 900 -0.40763021881689 -0.109379917969984 0.09463022164446072 0.3361824036433754 0.53999595778987 0.7174861182115723 0.7878972297674844 0.8417286151940125 0.8769578610718781 0.9835235758117263 1.1116966293347048 1.1829650981066318 1.2791881550329585 1.362481948566708
91 910 -0.40717223457288165 -0.10630907240882037 0.09448970657950528 0.33144088602301186 0.5949634695565206 0.756172695817276 0.8211250582220578 0.842029211006529 0.8947846101221316 1.018282026880783 1.0482758982725418 1.1428584066585017 1.2750914031043252 1.3500215564744613
92 920 -0.4029098673122705 -0.10438615696465484 0.10265508577943773 0.3187510974635957 0.5949634695565206 0.756172695817276 0.8211250582220578 0.842029211006529 0.8947846101221316 1.018282026880783 1.0482758982725418 1.1428584066585017 1.2750914031043252 1.3500215564744613
93 930 -0.4221051259280514 -0.10504006222093686 0.07628736120059573 0.31169525621364946 0.5949634695565206 0.756172695817276 0.8211250582220578 0.842029211006529 0.8947846101221316 1.018282026880783 1.0482758982725418 1.1428584066585017 1.2750914031043252 1.3500215564744613
94 940 -0.41856196540643587 -0.0973981517870375 0.09536805345048589 0.30821304722473947 0.5949634695565206 0.756172695817276 0.8211250582220578 0.842029211006529 0.8947846101221316 1.018282026880783 1.0482758982725418 1.1428584066585017 1.2750914031043252 1.3500215564744613
95 950 -0.4363048205211457 -0.09988533942310347 0.0942829896111231 0.30077103780777203 0.5949634695565206 0.756172695817276 0.8211250582220578 0.842029211006529 0.8947846101221316 1.018282026880783 1.0482758982725418 1.1428584066585017 1.2750914031043252 1.3500215564744613
96 960 -0.4304258996269679 -0.10334356374718634 0.09191532916189421 0.28504259266894727 0.5949634695565206 0.756172695817276 0.8211250582220578 0.842029211006529 0.8947846101221316 1.018282026880783 1.0482758982725418 1.1428584066585017 1.2750914031043252 1.3500215564744613
97 970 -0.42231653551308207 -0.08473042388716842 0.09815182980680054 0.23186350516478949 0.5949634695565206 0.756172695817276 0.8211250582220578 0.842029211006529 0.8947846101221316 1.018282026880783 1.0482758982725418 1.1428584066585017 1.2750914031043252 1.3500215564744613
98 980 -0.4080604867391981 -0.08033572903680393 0.10330599076909142 0.2422841121361477 0.5949634695565206 0.756172695817276 0.8211250582220578 0.842029211006529 0.8947846101221316 1.018282026880783 1.0482758982725418 1.1428584066585017 1.2750914031043252 1.3500215564744613
99 990 -0.3891353301167219 -0.07855694106258775 0.07189227426950283 0.227352661097363 0.5949634695565206 0.756172695817276 0.8211250582220578 0.842029211006529 0.8947846101221316 1.018282026880783 1.0482758982725418 1.1428584066585017 1.2750914031043252 1.3500215564744613
100 1000 -0.3752196615971381 -0.0865300143031764 0.09620052301544782 0.2433133622627295 0.5949634695565206 0.756172695817276 0.8211250582220578 0.842029211006529 0.8947846101221316 1.018282026880783 1.0482758982725418 1.1428584066585017 1.2750914031043252 1.3500215564744613
101 1010 -0.39403868516224183 -0.08620220497654721 0.11587301530809782 0.2476361905664364 0.6620363633504989 0.7772410372233776 0.7937233628150692 0.8601224963021634 0.9002825108692593 1.0010591068327128 1.0803715855833322 1.1603725531239955 1.2461176127533504 1.307169642315345
102 1020 -0.4074840267834186 -0.07584704944962221 0.11036747327593838 0.256007210722996 0.6620363633504989 0.7772410372233776 0.7937233628150692 0.8601224963021634 0.9002825108692593 1.0010591068327128 1.0803715855833322 1.1603725531239955 1.2461176127533504 1.307169642315345
103 1030 -0.4240119636090631 -0.0728229822000877 0.11008143030442036 0.26550596926540015 0.6620363633504989 0.7772410372233776 0.7937233628150692 0.8601224963021634 0.9002825108692593 1.0010591068327128 1.0803715855833322 1.1603725531239955 1.2461176127533504 1.307169642315345
104 1040 -0.40598419814663445 -0.08080177765160186 0.09022619344885516 0.2677209120556285 0.6620363633504989 0.7772410372233776 0.7937233628150692 0.8601224963021634 0.9002825108692593 1.0010591068327128 1.0803715855833322 1.1603725531239955 1.2461176127533504 1.307169642315345
105 1050 -0.41543954513454207 -0.08219512753211203 0.10625988947439047 0.25895081013029964 0.6620363633504989 0.7772410372233776 0.7937233628150692 0.8601224963021634 0.9002825108692593 1.0010591068327128 1.0803715855833322 1.1603725531239955 1.2461176127533504 1.307169642315345
106 1060 -0.40762274843931773 -0.08541899816365384 0.12201066205348923 0.27929038077945556 0.6620363633504989 0.7772410372233776 0.7937233628150692 0.8601224963021634 0.9002825108692593 1.0010591068327128 1.0803715855833322 1.1603725531239955 1.2461176127533504 1.307169642315345
107 1070 -0.41539709399072977 -0.10292963798849857 0.12575410536184306 0.2816990793835605 0.6620363633504989 0.7772410372233776 0.7937233628150692 0.8601224963021634 0.9002825108692593 1.0010591068327128 1.0803715855833322 1.1603725531239955 1.2461176127533504 1.307169642315345
108 1080 -0.41748221287905873 -0.0840626724231115 0.12487303383806853 0.2776050267848507 0.6620363633504989 0.7772410372233776 0.7937233628150692 0.8601224963021634 0.9002825108692593 1.0010591068327128 1.0803715855833322 1.1603725531239955 1.2461176127533504 1.307169642315345
109 1090 -0.4027864860360363 -0.07592091358132179 0.11044408617324251 0.2854991170660536 0.6620363633504989 0.7772410372233776 0.7937233628150692 0.8601224963021634 0.9002825108692593 1.0010591068327128 1.0803715855833322 1.1603725531239955 1.2461176127533504 1.307169642315345
110 1100 -0.37793776920309774 -0.0771897491117221 0.1252108699107229 0.29052785019032984 0.6620363633504989 0.7772410372233776 0.7937233628150692 0.8601224963021634 0.9002825108692593 1.0010591068327128 1.0803715855833322 1.1603725531239955 1.2461176127533504 1.307169642315345
111 1110 -0.35415685255199025 -0.059404830101012836 0.1161721575829597 0.2835778971440511 0.7034903184702817 0.7243808881239159 0.7738910380390753 0.8468987231659376 0.9140936314464397 1.0082577807674191 1.076624782687551 1.156054984036963 1.2562081567117507 1.3184972557234464
112 1120 -0.33732777581960116 -0.07796282065770116 0.12005200570322294 0.276527051313659 0.7034903184702817 0.7243808881239159 0.7738910380390753 0.8468987231659376 0.9140936314464397 1.0082577807674191 1.076624782687551 1.156054984036963 1.2562081567117507 1.3184972557234464
113 1130 -0.34991926609037804 -0.08157400989171319 0.10996119106212941 0.30900246685579985 0.7034903184702817 0.7243808881239159 0.7738910380390753 0.8468987231659376 0.9140936314464397 1.0082577807674191 1.076624782687551 1.156054984036963 1.2562081567117507 1.3184972557234464
114 1140 -0.3470789405921149 -0.09255540734138518 0.1086857907105638 0.3369011994113135 0.7034903184702817 0.7243808881239159 0.7738910380390753 0.8468987231659376 0.9140936314464397 1.0082577807674191 1.076624782687551 1.156054984036963 1.2562081567117507 1.3184972557234464
115 1150 -0.3464395431955451 -0.09395684991200956 0.10114373753625011 0.3308794220343495 0.7034903184702817 0.7243808881239159 0.7738910380390753 0.8468987231659376 0.9140936314464397 1.0082577807674191 1.076624782687551 1.156054984036963 1.2562081567117507 1.3184972557234464
116 1160 -0.32944285969033243 -0.0828103108572116 0.09683008428631867 0.33285811743502464 0.7034903184702817 0.7243808881239159 0.7738910380390753 0.8468987231659376 0.9140936314464397 1.0082577807674191 1.076624782687551 1.156054984036963 1.2562081567117507 1.3184972557234464
117 1170 -0.3131956279632599 -0.0615337392154649 0.08841443530206106 0.3199991387880067 0.7034903184702817 0.7243808881239159 0.7738910380390753 0.8468987231659376 0.9140936314464397 1.0082577807674191 1.076624782687551 1.156054984036963 1.2562081567117507 1.3184972557234464
118 1180 -0.31060602808913584 -0.06648748045174842 0.0721333807107229 0.3564363185416356 0.7034903184702817 0.7243808881239159 0.7738910380390753 0.8468987231659376 0.9140936314464397 1.0082577807674191 1.076624782687551 1.156054984036963 1.2562081567117507 1.3184972557234464
119 1190 -0.2865690665480928 -0.0550348249710517 0.08860395320297557 0.3508864259306237 0.7034903184702817 0.7243808881239159 0.7738910380390753 0.8468987231659376 0.9140936314464397 1.0082577807674191 1.076624782687551 1.156054984036963 1.2562081567117507 1.3184972557234464
120 1200 -0.30213351572221464 -0.06419927335884942 0.08834704933730701 0.3770379679860214 0.7034903184702817 0.7243808881239159 0.7738910380390753 0.8468987231659376 0.9140936314464397 1.0082577807674191 1.076624782687551 1.156054984036963 1.2562081567117507 1.3184972557234464
121 1210 -0.2912538489792237 -0.06891762499288079 0.07009656944558373 0.37447866316457473 0.6878705594788778 0.741076878580485 0.7831977342505577 0.8850856870826562 0.9678876366580346 0.989592874034776 1.0634425373131917 1.1517258615173636 1.2327956900112444 1.2990748831074441
122 1220 -0.2917337204232745 -0.05825195489625732 0.07027077809730745 0.35338534617045436 0.6878705594788778 0.741076878580485 0.7831977342505577 0.8850856870826562 0.9678876366580346 0.989592874034776 1.0634425373131917 1.1517258615173636 1.2327956900112444 1.2990748831074441
123 1230 -0.26839573465716954 -0.07489779980450177 0.0936504542609029 0.3148718039517967 0.6878705594788778 0.741076878580485 0.7831977342505577 0.8850856870826562 0.9678876366580346 0.989592874034776 1.0634425373131917 1.1517258615173636 1.2327956900112444 1.2990748831074441
124 1240 -0.27113866993738595 -0.07236902126159246 0.1000925929900054 0.31462109234113034 0.6878705594788778 0.741076878580485 0.7831977342505577 0.8850856870826562 0.9678876366580346 0.989592874034776 1.0634425373131917 1.1517258615173636 1.2327956900112444 1.2990748831074441
125 1250 -0.2762262415929087 -0.06461338405044639 0.07809420431849129 0.31400708261324456 0.6878705594788778 0.741076878580485 0.7831977342505577 0.8850856870826562 0.9678876366580346 0.989592874034776 1.0634425373131917 1.1517258615173636 1.2327956900112444 1.2990748831074441
126 1260 -0.236686803426421 -0.0645807124202577 0.07910752203525233 0.30894953259256225 0.6878705594788778 0.741076878580485 0.7831977342505577 0.8850856870826562 0.9678876366580346 0.989592874034776 1.0634425373131917 1.1517258615173636 1.2327956900112444 1.2990748831074441
127 1270 -0.24487707115334997 -0.06932582291113486 0.07324130989305103 0.3178690546088011 0.6878705594788778 0.741076878580485 0.7831977342505577 0.8850856870826562 0.9678876366580346 0.989592874034776 1.0634425373131917 1.1517258615173636 1.2327956900112444 1.2990748831074441
128 1280 -0.2445965894856382 -0.05898214766241547 0.07542982080625896 0.33594827695167995 0.6878705594788778 0.741076878580485 0.7831977342505577 0.8850856870826562 0.9678876366580346 0.989592874034776 1.0634425373131917 1.1517258615173636 1.2327956900112444 1.2990748831074441
129 1290 -0.244997865123217 -0.08129593246506839 0.06669890585502669 0.33319027254646233 0.6878705594788778 0.741076878580485 0.7831977342505577 0.8850856870826562 0.9678876366580346 0.989592874034776 1.0634425373131917 1.1517258615173636 1.2327956900112444 1.2990748831074441
130 1300 -0.255578262794311 -0.07496785504141576 0.05975464145498185 0.3132023983757494 0.6878705594788778 0.741076878580485 0.7831977342505577 0.8850856870826562 0.9678876366580346 0.989592874034776 1.0634425373131917 1.1517258615173636 1.2327956900112444 1.2990748831074441
131 1310 -0.21328848382092797 -0.07692584485563739 0.07084269547117687 0.2623917199066879 0.7092511405589786 0.7607900393322676 0.8421921287938933 0.9420145822103578 0.9935804480011583 1.0058133129461493 1.051429253542886 1.1112927048506065 1.1291620987791606 1.3065748188450879
132 1320 -0.23707714318092502 -0.07524321755351246 0.06815297212024413 0.2543731110589051 0.7092511405589786 0.7607900393322676 0.8421921287938933 0.9420145822103578 0.9935804480011583 1.0058133129461493 1.051429253542886 1.1112927048506065 1.1291620987791606 1.3065748188450879
133 1330 -0.23882766365266225 -0.06190906667923794 0.06558130191770062 0.22058946131685056 0.7092511405589786 0.7607900393322676 0.8421921287938933 0.9420145822103578 0.9935804480011583 1.0058133129461493 1.051429253542886 1.1112927048506065 1.1291620987791606 1.3065748188450879
134 1340 -0.2525112896481407 -0.076204791859173 0.06541625769562145 0.24754821598640575 0.7092511405589786 0.7607900393322676 0.8421921287938933 0.9420145822103578 0.9935804480011583 1.0058133129461493 1.051429253542886 1.1112927048506065 1.1291620987791606 1.3065748188450879
135 1350 -0.22759963209654477 -0.0722643512952679 0.0731279263881292 0.26111197893752164 0.7092511405589786 0.7607900393322676 0.8421921287938933 0.9420145822103578 0.9935804480011583 1.0058133129461493 1.051429253542886 1.1112927048506065 1.1291620987791606 1.3065748188450879
136 1360 -0.2127336520356055 -0.06332472032570158 0.06682605661222701 0.25029823345090585 0.7092511405589786 0.7607900393322676 0.8421921287938933 0.9420145822103578 0.9935804480011583 1.0058133129461493 1.051429253542886 1.1112927048506065 1.1291620987791606 1.3065748188450879
137 1370 -0.1835628848065548 -0.06446248333816822 0.07309723480893596 0.2625688972775622 0.7092511405589786 0.7607900393322676 0.8421921287938933 0.9420145822103578 0.9935804480011583 1.0058133129461493 1.051429253542886 1.1112927048506065 1.1291620987791606 1.3065748188450879
138 1380 -0.19673744552028824 -0.06758673594506685 0.09425623572622631 0.26816983971848124 0.7092511405589786 0.7607900393322676 0.8421921287938933 0.9420145822103578 0.9935804480011583 1.0058133129461493 1.051429253542886 1.1112927048506065 1.1291620987791606 1.3065748188450879
139 1390 -0.2077123501606159 -0.06680038870657057 0.08166907671188127 0.2841659770919975 0.7092511405589786 0.7607900393322676 0.8421921287938933 0.9420145822103578 0.9935804480011583 1.0058133129461493 1.051429253542886 1.1112927048506065 1.1291620987791606 1.3065748188450879
140 1400 -0.2051673764412802 -0.07176793399850703 0.07367667272786034 0.2720301956975762 0.7092511405589786 0.7607900393322676 0.8421921287938933 0.9420145822103578 0.9935804480011583 1.0058133129461493 1.051429253542886 1.1112927048506065 1.1291620987791606 1.3065748188450879
141 1410 -0.23340636663026867 -0.07558715469021342 0.07612543110254098 0.2762926161582969 0.6497486902875271 0.7811436229382729 0.8429689201010588 0.8569256229152882 0.9672603206414397 1.0345182171210912 1.075672095469794 1.1224237230810854 1.172522961428963 1.3134637873648827
142 1420 -0.2471175720824613 -0.08411850133905475 0.09675972757734938 0.3090103456206679 0.6497486902875271 0.7811436229382729 0.8429689201010588 0.8569256229152882 0.9672603206414397 1.0345182171210912 1.075672095469794 1.1224237230810854 1.172522961428963 1.3134637873648827
143 1430 -0.21269086214298236 -0.0805254479407686 0.08254326601656828 0.2887557420316328 0.6497486902875271 0.7811436229382729 0.8429689201010588 0.8569256229152882 0.9672603206414397 1.0345182171210912 1.075672095469794 1.1224237230810854 1.172522961428963 1.3134637873648827
144 1440 -0.20875311586199857 -0.08171393256987934 0.09563212433269132 0.2751956000773139 0.6497486902875271 0.7811436229382729 0.8429689201010588 0.8569256229152882 0.9672603206414397 1.0345182171210912 1.075672095469794 1.1224237230810854 1.172522961428963 1.3134637873648827
145 1450 -0.22930064724890015 -0.07978013139030717 0.10346937292321282 0.24851823100555706 0.6497486902875271 0.7811436229382729 0.8429689201010588 0.8569256229152882 0.9672603206414397 1.0345182171210912 1.075672095469794 1.1224237230810854 1.172522961428963 1.3134637873648827
146 1460 -0.21990360897116162 -0.07092571955934454 0.10076590828728238 0.2913329631564217 0.6497486902875271 0.7811436229382729 0.8429689201010588 0.8569256229152882 0.9672603206414397 1.0345182171210912 1.075672095469794 1.1224237230810854 1.172522961428963 1.3134637873648827
147 1470 -0.21018486411215884 -0.08216319334831122 0.11530587247103241 0.2756931051218303 0.6497486902875271 0.7811436229382729 0.8429689201010588 0.8569256229152882 0.9672603206414397 1.0345182171210912 1.075672095469794 1.1224237230810854 1.172522961428963 1.3134637873648827
148 1480 -0.22312476265018027 -0.07091161566246283 0.10910335498914164 0.2739885883986935 0.6497486902875271 0.7811436229382729 0.8429689201010588 0.8569256229152882 0.9672603206414397 1.0345182171210912 1.075672095469794 1.1224237230810854 1.172522961428963 1.3134637873648827
149 1490 -0.2226928449824745 -0.06540057171006398 0.11056411945339015 0.29890979314741567 0.6497486902875271 0.7811436229382729 0.8429689201010588 0.8569256229152882 0.9672603206414397 1.0345182171210912 1.075672095469794 1.1224237230810854 1.172522961428963 1.3134637873648827
150 1500 -0.23974599710642214 -0.06614893579828474 0.08688018628885186 0.2910837325630598 0.6497486902875271 0.7811436229382729 0.8429689201010588 0.8569256229152882 0.9672603206414397 1.0345182171210912 1.075672095469794 1.1224237230810854 1.172522961428963 1.3134637873648827
151 1510 -0.2286148654548231 -0.08135751608734938 0.06938021376071618 0.2631099171835902 0.6598687733431724 0.7957372855369147 0.8742491009287803 0.8907605134828174 1.002518514843087 1.0275996286360933 1.0562385273148989 1.1337726500790553 1.142851238060719 1.2670501257460942
152 1520 -0.23306583668266836 -0.06933436457162377 0.05889980016374989 0.23676902369034994 0.6598687733431724 0.7957372855369147 0.8742491009287803 0.8907605134828174 1.002518514843087 1.0275996286360933 1.0562385273148989 1.1337726500790553 1.142851238060719 1.2670501257460942
153 1530 -0.21929447571161131 -0.0603384095381563 0.07630665307543656 0.25827800365998366 0.6598687733431724 0.7957372855369147 0.8742491009287803 0.8907605134828174 1.002518514843087 1.0275996286360933 1.0562385273148989 1.1337726500790553 1.142851238060719 1.2670501257460942
154 1540 -0.21671069409381574 -0.05954133428740207 0.06038752816394801 0.25321547559984703 0.6598687733431724 0.7957372855369147 0.8742491009287803 0.8907605134828174 1.002518514843087 1.0275996286360933 1.0562385273148989 1.1337726500790553 1.142851238060719 1.2670501257460942
155 1550 -0.21978394395480677 -0.06277821265074168 0.047881463376465164 0.25469759637626277 0.6598687733431724 0.7957372855369147 0.8742491009287803 0.8907605134828174 1.002518514843087 1.0275996286360933 1.0562385273148989 1.1337726500790553 1.142851238060719 1.2670501257460942
156 1560 -0.2306874467456676 -0.06777616467523599 0.04577319595392463 0.2512762530335161 0.6598687733431724 0.7957372855369147 0.8742491009287803 0.8907605134828174 1.002518514843087 1.0275996286360933 1.0562385273148989 1.1337726500790553 1.142851238060719 1.2670501257460942
157 1570 -0.18326003806589009 -0.08399901082825419 0.048172385063402254 0.2621695581359228 0.6598687733431724 0.7957372855369147 0.8742491009287803 0.8907605134828174 1.002518514843087 1.0275996286360933 1.0562385273148989 1.1337726500790553 1.142851238060719 1.2670501257460942
158 1580 -0.22389614215159634 -0.08102416572891752 0.05779835798895229 0.25937199498949687 0.6598687733431724 0.7957372855369147 0.8742491009287803 0.8907605134828174 1.002518514843087 1.0275996286360933 1.0562385273148989 1.1337726500790553 1.142851238060719 1.2670501257460942
159 1590 -0.22763093427332362 -0.07648469133258443 0.06653628912516649 0.2647718877189696 0.6598687733431724 0.7957372855369147 0.8742491009287803 0.8907605134828174 1.002518514843087 1.0275996286360933 1.0562385273148989 1.1337726500790553 1.142851238060719 1.2670501257460942
160 1600 -0.24527769202241154 -0.08814176741525767 0.06016073392919817 0.2658147547280407 0.6598687733431724 0.7957372855369147 0.8742491009287803 0.8907605134828174 1.002518514843087 1.0275996286360933 1.0562385273148989 1.1337726500790553 1.142851238060719 1.2670501257460942
161 1610 -0.24118585705582465 -0.0861598086597438 0.06467139441087655 0.23783193430004823 0.675731605436685 0.8131561496249938 0.8405829599582175 0.909612384308645 0.9653283513560804 1.0061735771468414 1.0802237624960975 1.1028057149414383 1.19688510834392 1.2602966292332753
162 1620 -0.2626306734967823 -0.08347993590318843 0.05167192311357013 0.24409773504092402 0.675731605436685 0.8131561496249938 0.8405829599582175 0.909612384308645 0.9653283513560804 1.0061735771468414 1.0802237624960975 1.1028057149414383 1.19688510834392 1.2602966292332753
163 1630 -0.2596092335409126 -0.07380550060874673 0.054022587567088366 0.2905889482433599 0.675731605436685 0.8131561496249938 0.8405829599582175 0.909612384308645 0.9653283513560804 1.0061735771468414 1.0802237624960975 1.1028057149414383 1.19688510834392 1.2602966292332753
164 1640 -0.25125304170230184 -0.07871444382867197 0.056607947604024995 0.2867931096009591 0.675731605436685 0.8131561496249938 0.8405829599582175 0.909612384308645 0.9653283513560804 1.0061735771468414 1.0802237624960975 1.1028057149414383 1.19688510834392 1.2602966292332753
165 1650 -0.2648870065926915 -0.07674916961759257 0.053756947043836344 0.32049263483703544 0.675731605436685 0.8131561496249938 0.8405829599582175 0.909612384308645 0.9653283513560804 1.0061735771468414 1.0802237624960975 1.1028057149414383 1.19688510834392 1.2602966292332753
166 1660 -0.275531430095952 -0.08488674610973175 0.05000434295249285 0.34566572372961557 0.675731605436685 0.8131561496249938 0.8405829599582175 0.909612384308645 0.9653283513560804 1.0061735771468414 1.0802237624960975 1.1028057149414383 1.19688510834392 1.2602966292332753
167 1670 -0.2807476401641459 -0.08433299430903626 0.04218367537412738 0.35353817079267724 0.675731605436685 0.8131561496249938 0.8405829599582175 0.909612384308645 0.9653283513560804 1.0061735771468414 1.0802237624960975 1.1028057149414383 1.19688510834392 1.2602966292332753
168 1680 -0.2726715251690041 -0.09005882575169474 0.02599835430431387 0.4024517414589732 0.675731605436685 0.8131561496249938 0.8405829599582175 0.909612384308645 0.9653283513560804 1.0061735771468414 1.0802237624960975 1.1028057149414383 1.19688510834392 1.2602966292332753
169 1690 -0.24551887439991926 -0.07718607176398576 0.03248832861439315 0.4226855249182961 0.675731605436685 0.8131561496249938 0.8405829599582175 0.909612384308645 0.9653283513560804 1.0061735771468414 1.0802237624960975 1.1028057149414383 1.19688510834392 1.2602966292332753
170 1700 -0.2442428020784444 -0.07700159056660755 0.026908322370768366 0.40321809890200455 0.675731605436685 0.8131561496249938 0.8405829599582175 0.909612384308645 0.9653283513560804 1.0061735771468414 1.0802237624960975 1.1028057149414383 1.19688510834392 1.2602966292332753
171 1710 -0.2427988985157524 -0.07962873595582079 0.031142037823938616 0.41683098297846394 0.7090262496227405 0.7884915650875716 0.8543169875797652 0.916425365025733 0.9509174053239914 1.0099542968100703 1.0657500395630366 1.1128653465632539 1.1495440059147193 1.29841226999135
172 1720 -0.25256266208454836 -0.06876725355241434 0.03873988220568464 0.4333515095043925 0.7090262496227405 0.7884915650875716 0.8543169875797652 0.916425365025733 0.9509174053239914 1.0099542968100703 1.0657500395630366 1.1128653465632539 1.1495440059147193 1.29841226999135
173 1730 -0.26487122724323764 -0.06460364549693681 0.04135848859408247 0.4263816074957191 0.7090262496227405 0.7884915650875716 0.8543169875797652 0.916425365025733 0.9509174053239914 1.0099542968100703 1.0657500395630366 1.1128653465632539 1.1495440059147193 1.29841226999135
174 1740 -0.24103102226877257 -0.08829013777929269 0.045907571918027384 0.4165823797810413 0.7090262496227405 0.7884915650875716 0.8543169875797652 0.916425365025733 0.9509174053239914 1.0099542968100703 1.0657500395630366 1.1128653465632539 1.1495440059147193 1.29841226999135
175 1750 -0.2425768778446075 -0.08511838322565721 0.03363767210497888 0.3942545116932042 0.7090262496227405 0.7884915650875716 0.8543169875797652 0.916425365025733 0.9509174053239914 1.0099542968100703 1.0657500395630366 1.1128653465632539 1.1495440059147193 1.29841226999135
176 1760 -0.25277002438241497 -0.08635269798102346 0.03929051446416655 0.3853445467278946 0.7090262496227405 0.7884915650875716 0.8543169875797652 0.916425365025733 0.9509174053239914 1.0099542968100703 1.0657500395630366 1.1128653465632539 1.1495440059147193 1.29841226999135
177 1770 -0.25155825375639446 -0.07965759415530378 0.0297617753007456 0.3824648556868215 0.7090262496227405 0.7884915650875716 0.8543169875797652 0.916425365025733 0.9509174053239914 1.0099542968100703 1.0657500395630366 1.1128653465632539 1.1495440059147193 1.29841226999135
178 1780 -0.24215925846526473 -0.07882879745758374 0.03459111053243047 0.3342437541043127 0.7090262496227405 0.7884915650875716 0.8543169875797652 0.916425365025733 0.9509174053239914 1.0099542968100703 1.0657500395630366 1.1128653465632539 1.1495440059147193 1.29841226999135
179 1790 -0.2244466009418579 -0.09239679991780989 0.03145365936268801 0.3276614398339535 0.7090262496227405 0.7884915650875716 0.8543169875797652 0.916425365025733 0.9509174053239914 1.0099542968100703 1.0657500395630366 1.1128653465632539 1.1495440059147193 1.29841226999135
180 1800 -0.19365175222559156 -0.07808428154085248 0.03226290551655821 0.30010423953485216 0.7090262496227405 0.7884915650875716 0.8543169875797652 0.916425365025733 0.9509174053239914 1.0099542968100703 1.0657500395630366 1.1128653465632539 1.1495440059147193 1.29841226999135
181 1810 -0.17954959448245283 -0.09397143083744228 0.029677582860145373 0.2901449733480178 0.7437023221055434 0.817437674490775 0.878054409488504 0.9190907685043255 0.9726912637683022 1.0442659828976892 1.0785161996429051 1.0977724868137235 1.1267712733832809 1.22002469310185
182 1820 -0.18137780148202087 -0.07261049532547757 0.0185056647985945 0.2702379972588696 0.7437023221055434 0.817437674490775 0.878054409488504 0.9190907685043255 0.9726912637683022 1.0442659828976892 1.0785161996429051 1.0977724868137235 1.1267712733832809 1.22002469310185
183 1830 -0.2201599425554628 -0.08641103507023914 0.023719287168441898 0.260815691034803 0.7437023221055434 0.817437674490775 0.878054409488504 0.9190907685043255 0.9726912637683022 1.0442659828976892 1.0785161996429051 1.0977724868137235 1.1267712733832809 1.22002469310185
184 1840 -0.2393253997959525 -0.09047228726255371 0.033838996087220685 0.2560558959674744 0.7437023221055434 0.817437674490775 0.878054409488504 0.9190907685043255 0.9726912637683022 1.0442659828976892 1.0785161996429051 1.0977724868137235 1.1267712733832809 1.22002469310185
185 1850 -0.2442329600186937 -0.0939716193438507 0.0332807245167266 0.23764913638867532 0.7437023221055434 0.817437674490775 0.878054409488504 0.9190907685043255 0.9726912637683022 1.0442659828976892 1.0785161996429051 1.0977724868137235 1.1267712733832809 1.22002469310185
186 1860 -0.2677006625928765 -0.0986137354608985 0.03441857518436566 0.2555259040919808 0.7437023221055434 0.817437674490775 0.878054409488504 0.9190907685043255 0.9726912637683022 1.0442659828976892 1.0785161996429051 1.0977724868137235 1.1267712733832809 1.22002469310185
187 1870 -0.24969699820698132 -0.10850088271329024 0.02161132720396598 0.2417392636489958 0.7437023221055434 0.817437674490775 0.878054409488504 0.9190907685043255 0.9726912637683022 1.0442659828976892 1.0785161996429051 1.0977724868137235 1.1267712733832809 1.22002469310185
188 1880 -0.2643143263143312 -0.10725862907240788 0.033569424771886444 0.25100433188848104 0.7437023221055434 0.817437674490775 0.878054409488504 0.9190907685043255 0.9726912637683022 1.0442659828976892 1.0785161996429051 1.0977724868137235 1.1267712733832809 1.22002469310185
189 1890 -0.252568785567853 -0.1025016675001156 0.035049616232805156 0.2406562842710661 0.7437023221055434 0.817437674490775 0.878054409488504 0.9190907685043255 0.9726912637683022 1.0442659828976892 1.0785161996429051 1.0977724868137235 1.1267712733832809 1.22002469310185
190 1900 -0.2938000392877764 -0.093948251070299 0.049833639478691585 0.23610001513792733 0.7437023221055434 0.817437674490775 0.878054409488504 0.9190907685043255 0.9726912637683022 1.0442659828976892 1.0785161996429051 1.0977724868137235 1.1267712733832809 1.22002469310185
191 1910 -0.3017463924455644 -0.09560287573106312 0.0413524725132144 0.2182100402503615 0.7513963061775288 0.7704768608322076 0.828550160233137 0.8980396205697345 0.9928870132441959 1.0472051480677314 1.0685711539967768 1.1181029604887975 1.1765693841539993 1.2206642329095445
192 1920 -0.28283740978710037 -0.09828250337425061 0.04113872104331145 0.21744988169943333 0.7513963061775288 0.7704768608322076 0.828550160233137 0.8980396205697345 0.9928870132441959 1.0472051480677314 1.0685711539967768 1.1181029604887975 1.1765693841539993 1.2206642329095445
193 1930 -0.2778928151429486 -0.0890894144748945 0.03240121967421965 0.22424458970454877 0.7513963061775288 0.7704768608322076 0.828550160233137 0.8980396205697345 0.9928870132441959 1.0472051480677314 1.0685711539967768 1.1181029604887975 1.1765693841539993 1.2206642329095445
194 1940 -0.2825100425380966 -0.08813097678655804 0.0321002951028789 0.25517136457414574 0.7513963061775288 0.7704768608322076 0.828550160233137 0.8980396205697345 0.9928870132441959 1.0472051480677314 1.0685711539967768 1.1181029604887975 1.1765693841539993 1.2206642329095445
195 1950 -0.2932367492751312 -0.09484402389856073 0.042160604538114446 0.26449937186369216 0.7513963061775288 0.7704768608322076 0.828550160233137 0.8980396205697345 0.9928870132441959 1.0472051480677314 1.0685711539967768 1.1181029604887975 1.1765693841539993 1.2206642329095445
196 1960 -0.2492286835021019 -0.09175606458566413 0.03858386233372477 0.25830168469578096 0.7513963061775288 0.7704768608322076 0.828550160233137 0.8980396205697345 0.9928870132441959 1.0472051480677314 1.0685711539967768 1.1181029604887975 1.1765693841539993 1.2206642329095445
197 1970 -0.24939237731516278 -0.09223690525642587 0.05683196254962654 0.2411427324828391 0.7513963061775288 0.7704768608322076 0.828550160233137 0.8980396205697345 0.9928870132441959 1.0472051480677314 1.0685711539967768 1.1181029604887975 1.1765693841539993 1.2206642329095445
198 1980 -0.23364273707596547 -0.08867734701994298 0.04957365957356974 0.23125908661325179 0.7513963061775288 0.7704768608322076 0.828550160233137 0.8980396205697345 0.9928870132441959 1.0472051480677314 1.0685711539967768 1.1181029604887975 1.1765693841539993 1.2206642329095445
199 1990 -0.22910910735269094 -0.0918420743428616 0.05075784055012529 0.22750284802933513 0.7513963061775288 0.7704768608322076 0.828550160233137 0.8980396205697345 0.9928870132441959 1.0472051480677314 1.0685711539967768 1.1181029604887975 1.1765693841539993 1.2206642329095445
200 2000 -0.22809308857228874 -0.10441938173177151 0.05718331101122724 0.20105072535600715 0.7513963061775288 0.7704768608322076 0.828550160233137 0.8980396205697345 0.9928870132441959 1.0472051480677314 1.0685711539967768 1.1181029604887975 1.1765693841539993 1.2206642329095445
201 2010 -0.2589331051067983 -0.1026595492742801 0.05365158527082781 0.21702422702869656 0.7263475406093692 0.7755437862892163 0.8192838946450668 0.8907128949248064 0.9764835130163654 1.0390210685064711 1.0649270689963892 1.128393767712464 1.186210062529757 1.2485328281047559
202 2020 -0.23100487603036793 -0.10061958916086043 0.04556179674191917 0.25140315443408406 0.7263475406093692 0.7755437862892163 0.8192838946450668 0.8907128949248064 0.9764835130163654 1.0390210685064711 1.0649270689963892 1.128393767712464 1.186210062529757 1.2485328281047559
203 2030 -0.2310949898034708 -0.10791252943099003 0.053478338771140624 0.2648711905464594 0.7263475406093692 0.7755437862892163 0.8192838946450668 0.8907128949248064 0.9764835130163654 1.0390210685064711 1.0649270689963892 1.128393767712464 1.186210062529757 1.2485328281047559
204 2040 -0.2223715582208546 -0.1173889461040435 0.05609132997439353 0.2698673297564851 0.7263475406093692 0.7755437862892163 0.8192838946450668 0.8907128949248064 0.9764835130163654 1.0390210685064711 1.0649270689963892 1.128393767712464 1.186210062529757 1.2485328281047559
205 2050 -0.19435497238277163 -0.11577436003812441 0.05702190574903718 0.25336055952875275 0.7263475406093692 0.7755437862892163 0.8192838946450668 0.8907128949248064 0.9764835130163654 1.0390210685064711 1.0649270689963892 1.128393767712464 1.186210062529757 1.2485328281047559
206 2060 -0.17725038092280224 -0.10546187390846784 0.05409345326400649 0.25787622023489315 0.7263475406093692 0.7755437862892163 0.8192838946450668 0.8907128949248064 0.9764835130163654 1.0390210685064711 1.0649270689963892 1.128393767712464 1.186210062529757 1.2485328281047559
207 2070 -0.21212880290288524 -0.11628424172190834 0.03767694067967797 0.24467036118674296 0.7263475406093692 0.7755437862892163 0.8192838946450668 0.8907128949248064 0.9764835130163654 1.0390210685064711 1.0649270689963892 1.128393767712464 1.186210062529757 1.2485328281047559
208 2080 -0.2458948754379251 -0.11141542121656883 0.0524038314300234 0.2578536625101171 0.7263475406093692 0.7755437862892163 0.8192838946450668 0.8907128949248064 0.9764835130163654 1.0390210685064711 1.0649270689963892 1.128393767712464 1.186210062529757 1.2485328281047559
209 2090 -0.23236262056768503 -0.09243700772923605 0.04045173545214459 0.29803126065179614 0.7263475406093692 0.7755437862892163 0.8192838946450668 0.8907128949248064 0.9764835130163654 1.0390210685064711 1.0649270689963892 1.128393767712464 1.186210062529757 1.2485328281047559
210 2100 -0.23076384347415266 -0.10862299022841272 0.0495415864672614 0.3222229405137912 0.7263475406093692 0.7755437862892163 0.8192838946450668 0.8907128949248064 0.9764835130163654 1.0390210685064711 1.0649270689963892 1.128393767712464 1.186210062529757 1.2485328281047559
211 2110 -0.2290810745424127 -0.09990575079996931 0.048880758489696544 0.31804387949736834 0.7233997751611123 0.7720912275843328 0.8557701834845443 0.9082509530312427 0.9548447114627949 1.0116427280245857 1.0688899039081996 1.0890757490670624 1.1544344079550628 1.314087383941389
212 2120 -0.22564159347590332 -0.10850338744525563 0.06579386357111663 0.31122423359877305 0.7233997751611123 0.7720912275843328 0.8557701834845443 0.9082509530312427 0.9548447114627949 1.0116427280245857 1.0688899039081996 1.0890757490670624 1.1544344079550628 1.314087383941389
213 2130 -0.24597302974441984 -0.09454605315481933 0.07208877633386734 0.29747264089698433 0.7233997751611123 0.7720912275843328 0.8557701834845443 0.9082509530312427 0.9548447114627949 1.0116427280245857 1.0688899039081996 1.0890757490670624 1.1544344079550628 1.314087383941389
214 2140 -0.2232576049665048 -0.0977703595230397 0.05297394614095688 0.3077182482636107 0.7233997751611123 0.7720912275843328 0.8557701834845443 0.9082509530312427 0.9548447114627949 1.0116427280245857 1.0688899039081996 1.0890757490670624 1.1544344079550628 1.314087383941389
215 2150 -0.2370674118805719 -0.11663506676864477 0.07128890437208149 0.2940312617016036 0.7233997751611123 0.7720912275843328 0.8557701834845443 0.9082509530312427 0.9548447114627949 1.0116427280245857 1.0688899039081996 1.0890757490670624 1.1544344079550628 1.314087383941389
216 2160 -0.20547893657139746 -0.1095247260878924 0.07112697196846816 0.3166405060409286 0.7233997751611123 0.7720912275843328 0.8557701834845443 0.9082509530312427 0.9548447114627949 1.0116427280245857 1.0688899039081996 1.0890757490670624 1.1544344079550628 1.314087383941389
217 2170 -0.21697444996011753 -0.1184821320826162 0.05915946144733331 0.30275280872120464 0.7233997751611123 0.7720912275843328 0.8557701834845443 0.9082509530312427 0.9548447114627949 1.0116427280245857 1.0688899039081996 1.0890757490670624 1.1544344079550628 1.314087383941389
218 2180 -0.21127796807814506 -0.10199459001564283 0.06138223047161867 0.30843880732488865 0.7233997751611123 0.7720912275843328 0.8557701834845443 0.9082509530312427 0.9548447114627949 1.0116427280245857 1.0688899039081996 1.0890757490670624 1.1544344079550628 1.314087383941389
219 2190 -0.18997691844917702 -0.10345944321069785 0.05333426958321601 0.27270545523774953 0.7233997751611123 0.7720912275843328 0.8557701834845443 0.9082509530312427 0.9548447114627949 1.0116427280245857 1.0688899039081996 1.0890757490670624 1.1544344079550628 1.314087383941389
220 2200 -0.20030444328581992 -0.09104398285848035 0.062197731900408504 0.2902537673495341 0.7233997751611123 0.7720912275843328 0.8557701834845443 0.9082509530312427 0.9548447114627949 1.0116427280245857 1.0688899039081996 1.0890757490670624 1.1544344079550628 1.314087383941389
221 2210 -0.21295365651218556 -0.10377334889236352 0.057228582494935024 0.2575787730843936 0.7345332918343296 0.82239051634484 0.8544937388727777 0.8882810861717992 0.9768119717384075 1.010268194444888 1.0508449802897464 1.0861508978050107 1.1379520731617507 1.3081263413506492
222 2220 -0.23807343765993935 -0.09786019598879171 0.06595077682906994 0.29736026613387195 0.7345332918343296 0.82239051634484 0.8544937388727777 0.8882810861717992 0.9768119717384075 1.010268194444888 1.0508449802897464 1.0861508978050107 1.1379520731617507 1.3081263413506492
223 2230 -0.1926715821714633 -0.08311349436289119 0.06143764897955333 0.2941836708734612 0.7345332918343296 0.82239051634484 0.8544937388727777 0.8882810861717992 0.9768119717384075 1.010268194444888 1.0508449802897464 1.0861508978050107 1.1379520731617507 1.3081263413506492
224 2240 -0.22435152179140366 -0.09906523634856358 0.06355721169438207 0.28048682944602643 0.7345332918343296 0.82239051634484 0.8544937388727777 0.8882810861717992 0.9768119717384075 1.010268194444888 1.0508449802897464 1.0861508978050107 1.1379520731617507 1.3081263413506492
225 2250 -0.22450952258608448 -0.08951111546758267 0.06967500825042117 0.266737751133615 0.7345332918343296 0.82239051634484 0.8544937388727777 0.8882810861717992 0.9768119717384075 1.010268194444888 1.0508449802897464 1.0861508978050107 1.1379520731617507 1.3081263413506492
226 2260 -0.22754215073189007 -0.08358174586429737 0.06770098242770087 0.25524520894370795 0.7345332918343296 0.82239051634484 0.8544937388727777 0.8882810861717992 0.9768119717384075 1.010268194444888 1.0508449802897464 1.0861508978050107 1.1379520731617507 1.3081263413506492
227 2270 -0.23421641904501223 -0.06986651922415574 0.07910825247430821 0.2671000326563524 0.7345332918343296 0.82239051634484 0.8544937388727777 0.8882810861717992 0.9768119717384075 1.010268194444888 1.0508449802897464 1.0861508978050107 1.1379520731617507 1.3081263413506492
228 2280 -0.24180687754300087 -0.07619069591046684 0.07148200528234372 0.27452012602281717 0.7345332918343296 0.82239051634484 0.8544937388727777 0.8882810861717992 0.9768119717384075 1.010268194444888 1.0508449802897464 1.0861508978050107 1.1379520731617507 1.3081263413506492
229 2290 -0.22805130145157898 -0.07451121572002949 0.08453596654945181 0.24514850301238042 0.7345332918343296 0.82239051634484 0.8544937388727777 0.8882810861717992 0.9768119717384075 1.010268194444888 1.0508449802897464 1.0861508978050107 1.1379520731617507 1.3081263413506492
230 2300 -0.20707812447271357 -0.07611366295508967 0.06562425242559772 0.23830708194479547 0.7345332918343296 0.82239051634484 0.8544937388727777 0.8882810861717992 0.9768119717384075 1.010268194444888 1.0508449802897464 1.0861508978050107 1.1379520731617507 1.3081263413506492
231 2310 -0.2138792447088021 -0.0867096564024099 0.06651620974220042 0.2345529118894662 0.7597572824148203 0.8345400280242251 0.8608962888698062 0.898409746058057 0.9814823144825416 0.9911381981881937 1.081292017677607 1.097450474115125 1.1383100256045142 1.2502108521648443
232 2320 -0.22272101479047332 -0.09125346512260804 0.061807753680469105 0.21833639803468674 0.7597572824148203 0.8345400280242251 0.8608962888698062 0.898409746058057 0.9814823144825416 0.9911381981881937 1.081292017677607 1.097450474115125 1.1383100256045142 1.2502108521648443
233 2330 -0.23386088819014678 -0.08023788551044843 0.03755145969378599 0.21987409839175664 0.7597572824148203 0.8345400280242251 0.8608962888698062 0.898409746058057 0.9814823144825416 0.9911381981881937 1.081292017677607 1.097450474115125 1.1383100256045142 1.2502108521648443
234 2340 -0.2324082272578998 -0.07767230894470355 0.04041091131735992 0.21465218333466202 0.7597572824148203 0.8345400280242251 0.8608962888698062 0.898409746058057 0.9814823144825416 0.9911381981881937 1.081292017677607 1.097450474115125 1.1383100256045142 1.2502108521648443
235 2350 -0.2293585042893816 -0.07194814391542088 0.04922098552468808 0.2171555178002701 0.7597572824148203 0.8345400280242251 0.8608962888698062 0.898409746058057 0.9814823144825416 0.9911381981881937 1.081292017677607 1.097450474115125 1.1383100256045142 1.2502108521648443
236 2360 -0.22941670761186425 -0.0774867415527165 0.04001746318988682 0.22108767984229274 0.7597572824148203 0.8345400280242251 0.8608962888698062 0.898409746058057 0.9814823144825416 0.9911381981881937 1.081292017677607 1.097450474115125 1.1383100256045142 1.2502108521648443
237 2370 -0.2216484637592643 -0.06588403205202026 0.043936858962229625 0.22182025099513572 0.7597572824148203 0.8345400280242251 0.8608962888698062 0.898409746058057 0.9814823144825416 0.9911381981881937 1.081292017677607 1.097450474115125 1.1383100256045142 1.2502108521648443
238 2380 -0.23606094147030088 -0.05663042974209969 0.047797585526614936 0.19883806870677054 0.7597572824148203 0.8345400280242251 0.8608962888698062 0.898409746058057 0.9814823144825416 0.9911381981881937 1.081292017677607 1.097450474115125 1.1383100256045142 1.2502108521648443
239 2390 -0.2534919376739503 -0.06303975837069165 0.05067906406354082 0.14907260237180828 0.7597572824148203 0.8345400280242251 0.8608962888698062 0.898409746058057 0.9814823144825416 0.9911381981881937 1.081292017677607 1.097450474115125 1.1383100256045142 1.2502108521648443
240 2400 -0.29039164378167737 -0.08964447412478019 0.0498938112630168 0.16051971833030515 0.7597572824148203 0.8345400280242251 0.8608962888698062 0.898409746058057 0.9814823144825416 0.9911381981881937 1.081292017677607 1.097450474115125 1.1383100256045142 1.2502108521648443
241 2410 -0.25926384785301143 -0.08815973859165017 0.03727195196296727 0.1496780962294838 0.7332423457693487 0.8100065062855318 0.9052727637909459 0.930775454691959 0.9911256752558055 1.0190506811899918 1.0447813331439904 1.086304312497987 1.1250808700958435 1.2498627706866479
242 2420 -0.23522708916155063 -0.1003582447262133 0.04884686644806917 0.14721740173029033 0.7332423457693487 0.8100065062855318 0.9052727637909459 0.930775454691959 0.9911256752558055 1.0190506811899918 1.0447813331439904 1.086304312497987 1.1250808700958435 1.2498627706866479
243 2430 -0.23677286953480806 -0.09152014885395554 0.03457573209247327 0.15713245382673074 0.7332423457693487 0.8100065062855318 0.9052727637909459 0.930775454691959 0.9911256752558055 1.0190506811899918 1.0447813331439904 1.086304312497987 1.1250808700958435 1.2498627706866479
244 2440 -0.23967183809818463 -0.06691587215954319 0.02745705429419674 0.1771425541842325 0.7332423457693487 0.8100065062855318 0.9052727637909459 0.930775454691959 0.9911256752558055 1.0190506811899918 1.0447813331439904 1.086304312497987 1.1250808700958435 1.2498627706866479
245 2450 -0.24949472674176765 -0.07900015731383861 0.03301606587506305 0.17234991103117805 0.7332423457693487 0.8100065062855318 0.9052727637909459 0.930775454691959 0.9911256752558055 1.0190506811899918 1.0447813331439904 1.086304312497987 1.1250808700958435 1.2498627706866479
246 2460 -0.22866061780691924 -0.09294561321567094 0.01672221888521143 0.17379962048416758 0.7332423457693487 0.8100065062855318 0.9052727637909459 0.930775454691959 0.9911256752558055 1.0190506811899918 1.0447813331439904 1.086304312497987 1.1250808700958435 1.2498627706866479
247 2470 -0.23055671859541593 -0.08279628987955152 0.03855404145729647 0.1466331004429783 0.7332423457693487 0.8100065062855318 0.9052727637909459 0.930775454691959 0.9911256752558055 1.0190506811899918 1.0447813331439904 1.086304312497987 1.1250808700958435 1.2498627706866479
248 2480 -0.23292168379749845 -0.08338396326445674 0.03795725336492606 0.15489418213507902 0.7332423457693487 0.8100065062855318 0.9052727637909459 0.930775454691959 0.9911256752558055 1.0190506811899918 1.0447813331439904 1.086304312497987 1.1250808700958435 1.2498627706866479
249 2490 -0.22613235605317428 -0.08152127833830813 0.04299461257506301 0.15149303534313652 0.7332423457693487 0.8100065062855318 0.9052727637909459 0.930775454691959 0.9911256752558055 1.0190506811899918 1.0447813331439904 1.086304312497987 1.1250808700958435 1.2498627706866479
250 2500 -0.22392875729219883 -0.09172304715679111 0.049388698893528954 0.16365597118152375 0.7332423457693487 0.8100065062855318 0.9052727637909459 0.930775454691959 0.9911256752558055 1.0190506811899918 1.0447813331439904 1.086304312497987 1.1250808700958435 1.2498627706866479
251 2510 -0.22490300243908862 -0.0987285612685208 0.04060478467884735 0.1570102561295193 0.7204694735054413 0.8393236007542794 0.8488265004767634 0.920941430988959 0.9695044062379415 1.0269566171181723 1.0661554366511306 1.1084727717159026 1.171305140649341 1.2148606353547666
252 2520 -0.22786157219600897 -0.08404042248487405 0.05090310963137592 0.15813987268318377 0.7204694735054413 0.8393236007542794 0.8488265004767634 0.920941430988959 0.9695044062379415 1.0269566171181723 1.0661554366511306 1.1084727717159026 1.171305140649341 1.2148606353547666
253 2530 -0.2309808644777971 -0.10950327884024127 0.04618550519008549 0.17872632256818866 0.7204694735054413 0.8393236007542794 0.8488265004767634 0.920941430988959 0.9695044062379415 1.0269566171181723 1.0661554366511306 1.1084727717159026 1.171305140649341 1.2148606353547666
254 2540 -0.25060572129584685 -0.10289535037058017 0.03779630725622771 0.17555806563403376 0.7204694735054413 0.8393236007542794 0.8488265004767634 0.920941430988959 0.9695044062379415 1.0269566171181723 1.0661554366511306 1.1084727717159026 1.171305140649341 1.2148606353547666
255 2550 -0.2658259063874197 -0.10802016730315783 0.05128071232127812 0.18093123102663944 0.7204694735054413 0.8393236007542794 0.8488265004767634 0.920941430988959 0.9695044062379415 1.0269566171181723 1.0661554366511306 1.1084727717159026 1.171305140649341 1.2148606353547666
256 2560 -0.2583595943166816 -0.08917274044236133 0.03943481604185161 0.17859056155199982 0.7204694735054413 0.8393236007542794 0.8488265004767634 0.920941430988959 0.9695044062379415 1.0269566171181723 1.0661554366511306 1.1084727717159026 1.171305140649341 1.2148606353547666
257 2570 -0.2624131914631503 -0.08325439059605597 0.0437574385774829 0.1831326971854602 0.7204694735054413 0.8393236007542794 0.8488265004767634 0.920941430988959 0.9695044062379415 1.0269566171181723 1.0661554366511306 1.1084727717159026 1.171305140649341 1.2148606353547666
258 2580 -0.26741731170597255 -0.0937809711678087 0.04073543613832431 0.16846409482119212 0.7204694735054413 0.8393236007542794 0.8488265004767634 0.920941430988959 0.9695044062379415 1.0269566171181723 1.0661554366511306 1.1084727717159026 1.171305140649341 1.2148606353547666
259 2590 -0.2685753548563769 -0.09632203734408723 0.04198310161623418 0.1741554905261812 0.7204694735054413 0.8393236007542794 0.8488265004767634 0.920941430988959 0.9695044062379415 1.0269566171181723 1.0661554366511306 1.1084727717159026 1.171305140649341 1.2148606353547666
260 2600 -0.2921313161982807 -0.088220043918573 0.042265678589347315 0.19216873088285716 0.7204694735054413 0.8393236007542794 0.8488265004767634 0.920941430988959 0.9695044062379415 1.0269566171181723 1.0661554366511306 1.1084727717159026 1.171305140649341 1.2148606353547666
261 2610 -0.2865504504442056 -0.10075797189056473 0.04124487151758154 0.18883819236265836 0.7373262482441053 0.7728651583725913 0.8630221538498278 0.9123555738698317 0.9745577122440285 1.003772450166354 1.0648812185910186 1.128095113801241 1.1398443809755028 1.2722782104862913
262 2620 -0.2589295421053857 -0.09638492234836753 0.0359634210788768 0.19769686338865225 0.7373262482441053 0.7728651583725913 0.8630221538498278 0.9123555738698317 0.9745577122440285 1.003772450166354 1.0648812185910186 1.128095113801241 1.1398443809755028 1.2722782104862913
263 2630 -0.20060906905164916 -0.09512051420419707 0.04078351448652947 0.21022847983644197 0.7373262482441053 0.7728651583725913 0.8630221538498278 0.9123555738698317 0.9745577122440285 1.003772450166354 1.0648812185910186 1.128095113801241 1.1398443809755028 1.2722782104862913
264 2640 -0.21833974602721098 -0.11858025828481328 0.03144034502701975 0.22522803957532533 0.7373262482441053 0.7728651583725913 0.8630221538498278 0.9123555738698317 0.9745577122440285 1.003772450166354 1.0648812185910186 1.128095113801241 1.1398443809755028 1.2722782104862913
265 2650 -0.21538789442646256 -0.13378093390995285 0.032794450453053035 0.21384777711805678 0.7373262482441053 0.7728651583725913 0.8630221538498278 0.9123555738698317 0.9745577122440285 1.003772450166354 1.0648812185910186 1.128095113801241 1.1398443809755028 1.2722782104862913
266 2660 -0.19933245966856133 -0.12654825188238344 0.03093196635942391 0.21376364313135665 0.7373262482441053 0.7728651583725913 0.8630221538498278 0.9123555738698317 0.9745577122440285 1.003772450166354 1.0648812185910186 1.128095113801241 1.1398443809755028 1.2722782104862913
267 2670 -0.22089932481359104 -0.11458542267665037 0.019367572535703086 0.1924326868814171 0.7373262482441053 0.7728651583725913 0.8630221538498278 0.9123555738698317 0.9745577122440285 1.003772450166354 1.0648812185910186 1.128095113801241 1.1398443809755028 1.2722782104862913
268 2680 -0.22107622022388196 -0.12411737965295583 0.034547701915934315 0.19684830971255174 0.7373262482441053 0.7728651583725913 0.8630221538498278 0.9123555738698317 0.9745577122440285 1.003772450166354 1.0648812185910186 1.128095113801241 1.1398443809755028 1.2722782104862913
269 2690 -0.2415346390565748 -0.12772762650668776 0.048822224405363 0.2414226108899607 0.7373262482441053 0.7728651583725913 0.8630221538498278 0.9123555738698317 0.9745577122440285 1.003772450166354 1.0648812185910186 1.128095113801241 1.1398443809755028 1.2722782104862913
270 2700 -0.29900781354302836 -0.12026710097430207 0.04449053388113283 0.24332108515393178 0.7373262482441053 0.7728651583725913 0.8630221538498278 0.9123555738698317 0.9745577122440285 1.003772450166354 1.0648812185910186 1.128095113801241 1.1398443809755028 1.2722782104862913
271 2710 -0.29580614282528744 -0.11697224279355702 0.04197736658237605 0.23620243168868893 0.6784575038268035 0.7555066836946015 0.8553722001183532 0.9320171226573041 0.9805575691160059 1.0245357445950611 1.0654838051892705 1.1027167992965632 1.1689545247097184 1.280517922958418
272 2720 -0.3029866296544382 -0.10982146552609429 0.03353444569155088 0.24769839997746596 0.6784575038268035 0.7555066836946015 0.8553722001183532 0.9320171226573041 0.9805575691160059 1.0245357445950611 1.0654838051892705 1.1027167992965632 1.1689545247097184 1.280517922958418
273 2730 -0.28679856118213887 -0.11243689293828997 0.033669407171704586 0.21517038603018446 0.6784575038268035 0.7555066836946015 0.8553722001183532 0.9320171226573041 0.9805575691160059 1.0245357445950611 1.0654838051892705 1.1027167992965632 1.1689545247097184 1.280517922958418
274 2740 -0.31088871300146415 -0.10716753447062377 0.038368395970832525 0.1596637134046141 0.6784575038268035 0.7555066836946015 0.8553722001183532 0.9320171226573041 0.9805575691160059 1.0245357445950611 1.0654838051892705 1.1027167992965632 1.1689545247097184 1.280517922958418
275 2750 -0.30391453066835505 -0.10735674153726255 0.02896304386726735 0.13190122165420542 0.6784575038268035 0.7555066836946015 0.8553722001183532 0.9320171226573041 0.9805575691160059 1.0245357445950611 1.0654838051892705 1.1027167992965632 1.1689545247097184 1.280517922958418
276 2760 -0.2886390900979991 -0.1047388905820918 0.027093249997193383 0.1276917546259279 0.6784575038268035 0.7555066836946015 0.8553722001183532 0.9320171226573041 0.9805575691160059 1.0245357445950611 1.0654838051892705 1.1027167992965632 1.1689545247097184 1.280517922958418
277 2770 -0.3010906322725294 -0.09762947279621823 0.006024800922871107 0.14321959060589562 0.6784575038268035 0.7555066836946015 0.8553722001183532 0.9320171226573041 0.9805575691160059 1.0245357445950611 1.0654838051892705 1.1027167992965632 1.1689545247097184 1.280517922958418
278 2780 -0.2782231282468868 -0.09932718559861534 0.009856752995290036 0.14132163885676194 0.6784575038268035 0.7555066836946015 0.8553722001183532 0.9320171226573041 0.9805575691160059 1.0245357445950611 1.0654838051892705 1.1027167992965632 1.1689545247097184 1.280517922958418
279 2790 -0.26534697744921115 -0.09449093966431632 0.007643463442742477 0.16871658847169133 0.6784575038268035 0.7555066836946015 0.8553722001183532 0.9320171226573041 0.9805575691160059 1.0245357445950611 1.0654838051892705 1.1027167992965632 1.1689545247097184 1.280517922958418
280 2800 -0.26008919596410845 -0.08332634180874476 0.009482918992507625 0.17015142197720914 0.6784575038268035 0.7555066836946015 0.8553722001183532 0.9320171226573041 0.9805575691160059 1.0245357445950611 1.0654838051892705 1.1027167992965632 1.1689545247097184 1.280517922958418
281 2810 -0.25439374077022986 -0.09677394647717721 0.03161254856739979 0.13067036643411556 0.716720845878761 0.8177913908828128 0.8371898236895535 0.9199745854160635 0.9596045377990647 0.9858415635965354 1.0654121863370765 1.140882632706614 1.1592560174420998 1.2637140307514692
282 2820 -0.29847202466030337 -0.08733497282513847 0.02284144570801209 0.162055399357142 0.716720845878761 0.8177913908828128 0.8371898236895535 0.9199745854160635 0.9596045377990647 0.9858415635965354 1.0654121863370765 1.140882632706614 1.1592560174420998 1.2637140307514692
283 2830 -0.3154474164103319 -0.09257826826546482 0.0232555959061395 0.16431905795238722 0.716720845878761 0.8177913908828128 0.8371898236895535 0.9199745854160635 0.9596045377990647 0.9858415635965354 1.0654121863370765 1.140882632706614 1.1592560174420998 1.2637140307514692
284 2840 -0.3191170437963738 -0.09154339455066851 0.021894672833931247 0.1635158383288332 0.716720845878761 0.8177913908828128 0.8371898236895535 0.9199745854160635 0.9596045377990647 0.9858415635965354 1.0654121863370765 1.140882632706614 1.1592560174420998 1.2637140307514692
285 2850 -0.3713031836245508 -0.09346787482391437 0.04065158552524107 0.1737956819593714 0.716720845878761 0.8177913908828128 0.8371898236895535 0.9199745854160635 0.9596045377990647 0.9858415635965354 1.0654121863370765 1.140882632706614 1.1592560174420998 1.2637140307514692
286 2860 -0.3747732943839722 -0.08180976184845783 0.04383712032071441 0.2353982834683746 0.716720845878761 0.8177913908828128 0.8371898236895535 0.9199745854160635 0.9596045377990647 0.9858415635965354 1.0654121863370765 1.140882632706614 1.1592560174420998 1.2637140307514692
287 2870 -0.35795666498437717 -0.08189341648254103 0.0408335091680944 0.19208212807423106 0.716720845878761 0.8177913908828128 0.8371898236895535 0.9199745854160635 0.9596045377990647 0.9858415635965354 1.0654121863370765 1.140882632706614 1.1592560174420998 1.2637140307514692
288 2880 -0.38453059454972605 -0.09458195551447647 0.05605592280725232 0.20111705492379198 0.716720845878761 0.8177913908828128 0.8371898236895535 0.9199745854160635 0.9596045377990647 0.9858415635965354 1.0654121863370765 1.140882632706614 1.1592560174420998 1.2637140307514692
289 2890 -0.3578953000741853 -0.08849905943819564 0.039465546799146926 0.21773757009037048 0.716720845878761 0.8177913908828128 0.8371898236895535 0.9199745854160635 0.9596045377990647 0.9858415635965354 1.0654121863370765 1.140882632706614 1.1592560174420998 1.2637140307514692
290 2900 -0.3017560632116246 -0.100516214896464 0.0584647065643327 0.21886876118369072 0.716720845878761 0.8177913908828128 0.8371898236895535 0.9199745854160635 0.9596045377990647 0.9858415635965354 1.0654121863370765 1.140882632706614 1.1592560174420998 1.2637140307514692
291 2910 -0.30115365369017355 -0.0868939989477549 0.05619453275042992 0.20844699176147619 0.6803418267114929 0.8428744094296946 0.8592710730882895 0.9097312299407938 0.970382595410802 0.9891170953864418 1.0405195407442263 1.1239478752025804 1.202331194875385 1.24467063438653
292 2920 -0.2983396132652988 -0.11232661640175921 0.04326351178977865 0.18877786530516202 0.6803418267114929 0.8428744094296946 0.8592710730882895 0.9097312299407938 0.970382595410802 0.9891170953864418 1.0405195407442263 1.1239478752025804 1.202331194875385 1.24467063438653
293 2930 -0.30501355594915297 -0.09452488165402206 0.04051731621424226 0.21919343088267648 0.6803418267114929 0.8428744094296946 0.8592710730882895 0.9097312299407938 0.970382595410802 0.9891170953864418 1.0405195407442263 1.1239478752025804 1.202331194875385 1.24467063438653
294 2940 -0.2934015898084405 -0.0818729779606121 0.0384499486196245 0.2192100641329293 0.6803418267114929 0.8428744094296946 0.8592710730882895 0.9097312299407938 0.970382595410802 0.9891170953864418 1.0405195407442263 1.1239478752025804 1.202331194875385 1.24467063438653
295 2950 -0.30725670035550956 -0.07932326009803378 0.030990364096182624 0.23813543958127095 0.6803418267114929 0.8428744094296946 0.8592710730882895 0.9097312299407938 0.970382595410802 0.9891170953864418 1.0405195407442263 1.1239478752025804 1.202331194875385 1.24467063438653
296 2960 -0.30578192961889056 -0.0902877415598615 0.04809284370753397 0.23884423975767602 0.6803418267114929 0.8428744094296946 0.8592710730882895 0.9097312299407938 0.970382595410802 0.9891170953864418 1.0405195407442263 1.1239478752025804 1.202331194875385 1.24467063438653
297 2970 -0.36298726065691306 -0.09029363004787601 0.05394983835159843 0.24454123893618374 0.6803418267114929 0.8428744094296946 0.8592710730882895 0.9097312299407938 0.970382595410802 0.9891170953864418 1.0405195407442263 1.1239478752025804 1.202331194875385 1.24467063438653
298 2980 -0.330390581881786 -0.08086011109068433 0.07107424326226564 0.2026374806941256 0.6803418267114929 0.8428744094296946 0.8592710730882895 0.9097312299407938 0.970382595410802 0.9891170953864418 1.0405195407442263 1.1239478752025804 1.202331194875385 1.24467063438653
299 2990 -0.34845539640079837 -0.07403534624991838 0.05690843267461899 0.19396447996804506 0.6803418267114929 0.8428744094296946 0.8592710730882895 0.9097312299407938 0.970382595410802 0.9891170953864418 1.0405195407442263 1.1239478752025804 1.202331194875385 1.24467063438653
300 3000 -0.35824423903698943 -0.0876986265501682 0.06432007912431187 0.1904567202371318 0.6803418267114929 0.8428744094296946 0.8592710730882895 0.9097312299407938 0.970382595410802 0.9891170953864418 1.0405195407442263 1.1239478752025804 1.202331194875385 1.24467063438653
301 3010 -0.35164867664752514 -0.10251993984656943 0.06431159922765639 0.21051565093315547 0.6378257351606611 0.809017491568905 0.8685724345358005 0.9224017219240714 0.9418833467274645 0.9987971978242896 1.0368556398530226 1.1279951411408609 1.2348839535087126 1.2555098179896798
302 3020 -0.35943893611097394 -0.09670338181894944 0.05989235839795405 0.20850063401164382 0.6378257351606611 0.809017491568905 0.8685724345358005 0.9224017219240714 0.9418833467274645 0.9987971978242896 1.0368556398530226 1.1279951411408609 1.2348839535087126 1.2555098179896798
303 3030 -0.32385368267638176 -0.11260464837531318 0.07593785879000998 0.19520032624194886 0.6378257351606611 0.809017491568905 0.8685724345358005 0.9224017219240714 0.9418833467274645 0.9987971978242896 1.0368556398530226 1.1279951411408609 1.2348839535087126 1.2555098179896798
304 3040 -0.34884061991841947 -0.1020680112881594 0.06422316214592504 0.1903014743121173 0.6378257351606611 0.809017491568905 0.8685724345358005 0.9224017219240714 0.9418833467274645 0.9987971978242896 1.0368556398530226 1.1279951411408609 1.2348839535087126 1.2555098179896798
305 3050 -0.37298234923150597 -0.08531760380468677 0.06514428607626979 0.20743742167967769 0.6378257351606611 0.809017491568905 0.8685724345358005 0.9224017219240714 0.9418833467274645 0.9987971978242896 1.0368556398530226 1.1279951411408609 1.2348839535087126 1.2555098179896798
306 3060 -0.34755596993728605 -0.07728209837285724 0.0593385144093945 0.20133285904434953 0.6378257351606611 0.809017491568905 0.8685724345358005 0.9224017219240714 0.9418833467274645 0.9987971978242896 1.0368556398530226 1.1279951411408609 1.2348839535087126 1.2555098179896798
307 3070 -0.339385283538456 -0.08398334684706565 0.06277575718169509 0.16360625543677895 0.6378257351606611 0.809017491568905 0.8685724345358005 0.9224017219240714 0.9418833467274645 0.9987971978242896 1.0368556398530226 1.1279951411408609 1.2348839535087126 1.2555098179896798
308 3080 -0.3182325926533902 -0.10196086929359548 0.07244746400966197 0.22716994719561814 0.6378257351606611 0.809017491568905 0.8685724345358005 0.9224017219240714 0.9418833467274645 0.9987971978242896 1.0368556398530226 1.1279951411408609 1.2348839535087126 1.2555098179896798
309 3090 -0.34811370373887673 -0.09765873326171354 0.07319123068147429 0.19006589006550711 0.6378257351606611 0.809017491568905 0.8685724345358005 0.9224017219240714 0.9418833467274645 0.9987971978242896 1.0368556398530226 1.1279951411408609 1.2348839535087126 1.2555098179896798
310 3100 -0.33093051181825917 -0.1133584276404478 0.058333425479811955 0.22652212284523424 0.6378257351606611 0.809017491568905 0.8685724345358005 0.9224017219240714 0.9418833467274645 0.9987971978242896 1.0368556398530226 1.1279951411408609 1.2348839535087126 1.2555098179896798
311 3110 -0.36666754627134307 -0.10662327407235665 0.06266629304805883 0.24290595981656674 0.5589191987720034 0.7798051428346541 0.8247578887832363 0.9230030577904285 0.9336889982553921 1.0226290853191058 1.0503318457341055 1.1130576390749078 1.273073265935158 1.2911226984850241
312 3120 -0.3685309107129252 -0.10299915190416199 0.06671775622613396 0.20778896240100125 0.5589191987720034 0.7798051428346541 0.8247578887832363 0.9230030577904285 0.9336889982553921 1.0226290853191058 1.0503318457341055 1.1130576390749078 1.273073265935158 1.2911226984850241
313 3130 -0.39741844499370826 -0.08621527005178906 0.05135839582514415 0.20253424531748582 0.5589191987720034 0.7798051428346541 0.8247578887832363 0.9230030577904285 0.9336889982553921 1.0226290853191058 1.0503318457341055 1.1130576390749078 1.273073265935158 1.2911226984850241
313 3130 -0.39741844499370826 -0.08621527005178906 0.05135839582514415 0.20253424531748582 0.5589191987720034 0.7798051428346541 0.8247578887832363 0.9230030577904285 0.9336889982553921 1.0226290853191058 1.0503318457341055 1.1130576390749078 1.273073265935158 1.2911226984850241
