% # columns="iteration, evaluation, min 25%tile 75%tile max correlation, correlation matrix principal axes lengths  (sorted square roots of eigenvalues of correlation matrix)", seed=645506, Mon Mar  2 21:47:18 2026
1 10 -0.053542860354083684 -0.021664848037651264 0.026107892136514148 0.054387300210022596 0.9252327709261552 0.953973739492287 0.9797787959511264 0.9835090015217407 0.9913450632929649 0.9987913921501945 1.0094937371719332 1.0323061443307724 1.055546878940023 1.0617720587266257
2 20 -0.053542860354083684 -0.021664848037651264 0.026107892136514148 0.054387300210022596 0.9252327709261552 0.953973739492287 0.9797787959511264 0.9835090015217407 0.9913450632929649 0.9987913921501945 1.0094937371719332 1.0323061443307724 1.055546878940023 1.0617720587266257
3 30 -0.053542860354083684 -0.021664848037651264 0.026107892136514148 0.054387300210022596 0.9252327709261552 0.953973739492287 0.9797787959511264 0.9835090015217407 0.9913450632929649 0.9987913921501945 1.0094937371719332 1.0323061443307724 1.055546878940023 1.0617720587266257
4 40 -0.053542860354083684 -0.021664848037651264 0.026107892136514148 0.054387300210022596 0.9252327709261552 0.953973739492287 0.9797787959511264 0.9835090015217407 0.9913450632929649 0.9987913921501945 1.0094937371719332 1.0323061443307724 1.055546878940023 1.0617720587266257
5 50 -0.053542860354083684 -0.021664848037651264 0.026107892136514148 0.054387300210022596 0.9252327709261552 0.953973739492287 0.9797787959511264 0.9835090015217407 0.9913450632929649 0.9987913921501945 1.0094937371719332 1.0323061443307724 1.055546878940023 1.0617720587266257
6 60 -0.053542860354083684 -0.021664848037651264 0.026107892136514148 0.054387300210022596 0.9252327709261552 0.953973739492287 0.9797787959511264 0.9835090015217407 0.9913450632929649 0.9987913921501945 1.0094937371719332 1.0323061443307724 1.055546878940023 1.0617720587266257
7 70 -0.053542860354083684 -0.021664848037651264 0.026107892136514148 0.054387300210022596 0.9252327709261552 0.953973739492287 0.9797787959511264 0.9835090015217407 0.9913450632929649 0.9987913921501945 1.0094937371719332 1.0323061443307724 1.055546878940023 1.0617720587266257
8 80 -0.053542860354083684 -0.021664848037651264 0.026107892136514148 0.054387300210022596 0.9252327709261552 0.953973739492287 0.9797787959511264 0.9835090015217407 0.9913450632929649 0.9987913921501945 1.0094937371719332 1.0323061443307724 1.055546878940023 1.0617720587266257
9 90 -0.053542860354083684 -0.021664848037651264 0.026107892136514148 0.054387300210022596 0.9252327709261552 0.953973739492287 0.9797787959511264 0.9835090015217407 0.9913450632929649 0.9987913921501945 1.0094937371719332 1.0323061443307724 1.055546878940023 1.0617720587266257
10 100 -0.053542860354083684 -0.021664848037651264 0.026107892136514148 0.054387300210022596 0.9252327709261552 0.953973739492287 0.9797787959511264 0.9835090015217407 0.9913450632929649 0.9987913921501945 1.0094937371719332 1.0323061443307724 1.055546878940023 1.0617720587266257
11 110 -0.2506387126166803 -0.06659748877076681 0.09949497085457981 0.27191738749668576 0.7064684687353414 0.7621942760670692 0.8831628304305655 0.9283114734000586 0.9879768891626894 1.0087822652580953 1.0392015951652673 1.117195877436586 1.1518994833492024 1.2765361003899114
12 120 -0.2506387126166803 -0.06659748877076681 0.09949497085457981 0.27191738749668576 0.7064684687353414 0.7621942760670692 0.8831628304305655 0.9283114734000586 0.9879768891626894 1.0087822652580953 1.0392015951652673 1.117195877436586 1.1518994833492024 1.2765361003899114
13 130 -0.2506387126166803 -0.06659748877076681 0.09949497085457981 0.27191738749668576 0.7064684687353414 0.7621942760670692 0.8831628304305655 0.9283114734000586 0.9879768891626894 1.0087822652580953 1.0392015951652673 1.117195877436586 1.1518994833492024 1.2765361003899114
14 140 -0.2506387126166803 -0.06659748877076681 0.09949497085457981 0.27191738749668576 0.7064684687353414 0.7621942760670692 0.8831628304305655 0.9283114734000586 0.9879768891626894 1.0087822652580953 1.0392015951652673 1.117195877436586 1.1518994833492024 1.2765361003899114
15 150 -0.2506387126166803 -0.06659748877076681 0.09949497085457981 0.27191738749668576 0.7064684687353414 0.7621942760670692 0.8831628304305655 0.9283114734000586 0.9879768891626894 1.0087822652580953 1.0392015951652673 1.117195877436586 1.1518994833492024 1.2765361003899114
16 160 -0.2506387126166803 -0.06659748877076681 0.09949497085457981 0.27191738749668576 0.7064684687353414 0.7621942760670692 0.8831628304305655 0.9283114734000586 0.9879768891626894 1.0087822652580953 1.0392015951652673 1.117195877436586 1.1518994833492024 1.2765361003899114
17 170 -0.2506387126166803 -0.06659748877076681 0.09949497085457981 0.27191738749668576 0.7064684687353414 0.7621942760670692 0.8831628304305655 0.9283114734000586 0.9879768891626894 1.0087822652580953 1.0392015951652673 1.117195877436586 1.1518994833492024 1.2765361003899114
18 180 -0.2506387126166803 -0.06659748877076681 0.09949497085457981 0.27191738749668576 0.7064684687353414 0.7621942760670692 0.8831628304305655 0.9283114734000586 0.9879768891626894 1.0087822652580953 1.0392015951652673 1.117195877436586 1.1518994833492024 1.2765361003899114
19 190 -0.2506387126166803 -0.06659748877076681 0.09949497085457981 0.27191738749668576 0.7064684687353414 0.7621942760670692 0.8831628304305655 0.9283114734000586 0.9879768891626894 1.0087822652580953 1.0392015951652673 1.117195877436586 1.1518994833492024 1.2765361003899114
20 200 -0.2506387126166803 -0.06659748877076681 0.09949497085457981 0.27191738749668576 0.7064684687353414 0.7621942760670692 0.8831628304305655 0.9283114734000586 0.9879768891626894 1.0087822652580953 1.0392015951652673 1.117195877436586 1.1518994833492024 1.2765361003899114
21 210 -0.2953030168777314 -0.0910468505034426 0.0888765875066454 0.45330157989083464 0.6169782642064733 0.6709463624275622 0.8600399240027246 0.9212790202011961 0.9430752860895428 1.0197204193720717 1.087067082746121 1.1270032174911284 1.1417557228927775 1.37697753866915
22 220 -0.2953030168777314 -0.0910468505034426 0.0888765875066454 0.45330157989083464 0.6169782642064733 0.6709463624275622 0.8600399240027246 0.9212790202011961 0.9430752860895428 1.0197204193720717 1.087067082746121 1.1270032174911284 1.1417557228927775 1.37697753866915
23 230 -0.2953030168777314 -0.0910468505034426 0.0888765875066454 0.45330157989083464 0.6169782642064733 0.6709463624275622 0.8600399240027246 0.9212790202011961 0.9430752860895428 1.0197204193720717 1.087067082746121 1.1270032174911284 1.1417557228927775 1.37697753866915
24 240 -0.2953030168777314 -0.0910468505034426 0.0888765875066454 0.45330157989083464 0.6169782642064733 0.6709463624275622 0.8600399240027246 0.9212790202011961 0.9430752860895428 1.0197204193720717 1.087067082746121 1.1270032174911284 1.1417557228927775 1.37697753866915
25 250 -0.2953030168777314 -0.0910468505034426 0.0888765875066454 0.45330157989083464 0.6169782642064733 0.6709463624275622 0.8600399240027246 0.9212790202011961 0.9430752860895428 1.0197204193720717 1.087067082746121 1.1270032174911284 1.1417557228927775 1.37697753866915
26 260 -0.2953030168777314 -0.0910468505034426 0.0888765875066454 0.45330157989083464 0.6169782642064733 0.6709463624275622 0.8600399240027246 0.9212790202011961 0.9430752860895428 1.0197204193720717 1.087067082746121 1.1270032174911284 1.1417557228927775 1.37697753866915
27 270 -0.2953030168777314 -0.0910468505034426 0.0888765875066454 0.45330157989083464 0.6169782642064733 0.6709463624275622 0.8600399240027246 0.9212790202011961 0.9430752860895428 1.0197204193720717 1.087067082746121 1.1270032174911284 1.1417557228927775 1.37697753866915
28 280 -0.2953030168777314 -0.0910468505034426 0.0888765875066454 0.45330157989083464 0.6169782642064733 0.6709463624275622 0.8600399240027246 0.9212790202011961 0.9430752860895428 1.0197204193720717 1.087067082746121 1.1270032174911284 1.1417557228927775 1.37697753866915
29 290 -0.2953030168777314 -0.0910468505034426 0.0888765875066454 0.45330157989083464 0.6169782642064733 0.6709463624275622 0.8600399240027246 0.9212790202011961 0.9430752860895428 1.0197204193720717 1.087067082746121 1.1270032174911284 1.1417557228927775 1.37697753866915
30 300 -0.2953030168777314 -0.0910468505034426 0.0888765875066454 0.45330157989083464 0.6169782642064733 0.6709463624275622 0.8600399240027246 0.9212790202011961 0.9430752860895428 1.0197204193720717 1.087067082746121 1.1270032174911284 1.1417557228927775 1.37697753866915
31 310 -0.353982270433157 -0.13413710714463484 0.0965083552174768 0.4928810589871947 0.5557393623020108 0.6914763521930282 0.8043599787468066 0.8251247974080763 0.9220726886705758 1.0195687132103592 1.0537671957158727 1.1509622891909796 1.2119876095407605 1.446166119469724
32 320 -0.353982270433157 -0.13413710714463484 0.0965083552174768 0.4928810589871947 0.5557393623020108 0.6914763521930282 0.8043599787468066 0.8251247974080763 0.9220726886705758 1.0195687132103592 1.0537671957158727 1.1509622891909796 1.2119876095407605 1.446166119469724
33 330 -0.353982270433157 -0.13413710714463484 0.0965083552174768 0.4928810589871947 0.5557393623020108 0.6914763521930282 0.8043599787468066 0.8251247974080763 0.9220726886705758 1.0195687132103592 1.0537671957158727 1.1509622891909796 1.2119876095407605 1.446166119469724
34 340 -0.353982270433157 -0.13413710714463484 0.0965083552174768 0.4928810589871947 0.5557393623020108 0.6914763521930282 0.8043599787468066 0.8251247974080763 0.9220726886705758 1.0195687132103592 1.0537671957158727 1.1509622891909796 1.2119876095407605 1.446166119469724
35 350 -0.353982270433157 -0.13413710714463484 0.0965083552174768 0.4928810589871947 0.5557393623020108 0.6914763521930282 0.8043599787468066 0.8251247974080763 0.9220726886705758 1.0195687132103592 1.0537671957158727 1.1509622891909796 1.2119876095407605 1.446166119469724
36 360 -0.353982270433157 -0.13413710714463484 0.0965083552174768 0.4928810589871947 0.5557393623020108 0.6914763521930282 0.8043599787468066 0.8251247974080763 0.9220726886705758 1.0195687132103592 1.0537671957158727 1.1509622891909796 1.2119876095407605 1.446166119469724
37 370 -0.353982270433157 -0.13413710714463484 0.0965083552174768 0.4928810589871947 0.5557393623020108 0.6914763521930282 0.8043599787468066 0.8251247974080763 0.9220726886705758 1.0195687132103592 1.0537671957158727 1.1509622891909796 1.2119876095407605 1.446166119469724
38 380 -0.353982270433157 -0.13413710714463484 0.0965083552174768 0.4928810589871947 0.5557393623020108 0.6914763521930282 0.8043599787468066 0.8251247974080763 0.9220726886705758 1.0195687132103592 1.0537671957158727 1.1509622891909796 1.2119876095407605 1.446166119469724
39 390 -0.353982270433157 -0.13413710714463484 0.0965083552174768 0.4928810589871947 0.5557393623020108 0.6914763521930282 0.8043599787468066 0.8251247974080763 0.9220726886705758 1.0195687132103592 1.0537671957158727 1.1509622891909796 1.2119876095407605 1.446166119469724
40 400 -0.353982270433157 -0.13413710714463484 0.0965083552174768 0.4928810589871947 0.5557393623020108 0.6914763521930282 0.8043599787468066 0.8251247974080763 0.9220726886705758 1.0195687132103592 1.0537671957158727 1.1509622891909796 1.2119876095407605 1.446166119469724
41 410 -0.48459107898142295 -0.14968426909008709 0.09223341984318673 0.5054670769497783 0.5061513878560602 0.6390767630643356 0.7497515524681053 0.8359542436751141 0.9503337847069044 1.024174011693715 1.0550453876212502 1.1667927917954466 1.2378391501413935 1.4545123294088063
42 420 -0.48459107898142295 -0.14968426909008709 0.09223341984318673 0.5054670769497783 0.5061513878560602 0.6390767630643356 0.7497515524681053 0.8359542436751141 0.9503337847069044 1.024174011693715 1.0550453876212502 1.1667927917954466 1.2378391501413935 1.4545123294088063
43 430 -0.48459107898142295 -0.14968426909008709 0.09223341984318673 0.5054670769497783 0.5061513878560602 0.6390767630643356 0.7497515524681053 0.8359542436751141 0.9503337847069044 1.024174011693715 1.0550453876212502 1.1667927917954466 1.2378391501413935 1.4545123294088063
44 440 -0.48459107898142295 -0.14968426909008709 0.09223341984318673 0.5054670769497783 0.5061513878560602 0.6390767630643356 0.7497515524681053 0.8359542436751141 0.9503337847069044 1.024174011693715 1.0550453876212502 1.1667927917954466 1.2378391501413935 1.4545123294088063
45 450 -0.48459107898142295 -0.14968426909008709 0.09223341984318673 0.5054670769497783 0.5061513878560602 0.6390767630643356 0.7497515524681053 0.8359542436751141 0.9503337847069044 1.024174011693715 1.0550453876212502 1.1667927917954466 1.2378391501413935 1.4545123294088063
46 460 -0.48459107898142295 -0.14968426909008709 0.09223341984318673 0.5054670769497783 0.5061513878560602 0.6390767630643356 0.7497515524681053 0.8359542436751141 0.9503337847069044 1.024174011693715 1.0550453876212502 1.1667927917954466 1.2378391501413935 1.4545123294088063
47 470 -0.48459107898142295 -0.14968426909008709 0.09223341984318673 0.5054670769497783 0.5061513878560602 0.6390767630643356 0.7497515524681053 0.8359542436751141 0.9503337847069044 1.024174011693715 1.0550453876212502 1.1667927917954466 1.2378391501413935 1.4545123294088063
48 480 -0.48459107898142295 -0.14968426909008709 0.09223341984318673 0.5054670769497783 0.5061513878560602 0.6390767630643356 0.7497515524681053 0.8359542436751141 0.9503337847069044 1.024174011693715 1.0550453876212502 1.1667927917954466 1.2378391501413935 1.4545123294088063
49 490 -0.48459107898142295 -0.14968426909008709 0.09223341984318673 0.5054670769497783 0.5061513878560602 0.6390767630643356 0.7497515524681053 0.8359542436751141 0.9503337847069044 1.024174011693715 1.0550453876212502 1.1667927917954466 1.2378391501413935 1.4545123294088063
50 500 -0.48459107898142295 -0.14968426909008709 0.09223341984318673 0.5054670769497783 0.5061513878560602 0.6390767630643356 0.7497515524681053 0.8359542436751141 0.9503337847069044 1.024174011693715 1.0550453876212502 1.1667927917954466 1.2378391501413935 1.4545123294088063
51 510 -0.47768367664622474 -0.16856082374737577 0.10547532508455389 0.5665147727218862 0.482725123635132 0.666612367358385 0.7923004278239003 0.8084813150196305 0.8903703186091175 0.9382897065758521 1.0603682332195197 1.1536228862179956 1.3093602904041146 1.4827085352792773
52 520 -0.47768367664622474 -0.16856082374737577 0.10547532508455389 0.5665147727218862 0.482725123635132 0.666612367358385 0.7923004278239003 0.8084813150196305 0.8903703186091175 0.9382897065758521 1.0603682332195197 1.1536228862179956 1.3093602904041146 1.4827085352792773
53 530 -0.47768367664622474 -0.16856082374737577 0.10547532508455389 0.5665147727218862 0.482725123635132 0.666612367358385 0.7923004278239003 0.8084813150196305 0.8903703186091175 0.9382897065758521 1.0603682332195197 1.1536228862179956 1.3093602904041146 1.4827085352792773
54 540 -0.47768367664622474 -0.16856082374737577 0.10547532508455389 0.5665147727218862 0.482725123635132 0.666612367358385 0.7923004278239003 0.8084813150196305 0.8903703186091175 0.9382897065758521 1.0603682332195197 1.1536228862179956 1.3093602904041146 1.4827085352792773
55 550 -0.47768367664622474 -0.16856082374737577 0.10547532508455389 0.5665147727218862 0.482725123635132 0.666612367358385 0.7923004278239003 0.8084813150196305 0.8903703186091175 0.9382897065758521 1.0603682332195197 1.1536228862179956 1.3093602904041146 1.4827085352792773
56 560 -0.47768367664622474 -0.16856082374737577 0.10547532508455389 0.5665147727218862 0.482725123635132 0.666612367358385 0.7923004278239003 0.8084813150196305 0.8903703186091175 0.9382897065758521 1.0603682332195197 1.1536228862179956 1.3093602904041146 1.4827085352792773
57 570 -0.47768367664622474 -0.16856082374737577 0.10547532508455389 0.5665147727218862 0.482725123635132 0.666612367358385 0.7923004278239003 0.8084813150196305 0.8903703186091175 0.9382897065758521 1.0603682332195197 1.1536228862179956 1.3093602904041146 1.4827085352792773
58 580 -0.47768367664622474 -0.16856082374737577 0.10547532508455389 0.5665147727218862 0.482725123635132 0.666612367358385 0.7923004278239003 0.8084813150196305 0.8903703186091175 0.9382897065758521 1.0603682332195197 1.1536228862179956 1.3093602904041146 1.4827085352792773
59 590 -0.47768367664622474 -0.16856082374737577 0.10547532508455389 0.5665147727218862 0.482725123635132 0.666612367358385 0.7923004278239003 0.8084813150196305 0.8903703186091175 0.9382897065758521 1.0603682332195197 1.1536228862179956 1.3093602904041146 1.4827085352792773
60 600 -0.47768367664622474 -0.16856082374737577 0.10547532508455389 0.5665147727218862 0.482725123635132 0.666612367358385 0.7923004278239003 0.8084813150196305 0.8903703186091175 0.9382897065758521 1.0603682332195197 1.1536228862179956 1.3093602904041146 1.4827085352792773
61 610 -0.4500333905095826 -0.182214902559653 0.08583457119701088 0.4295748098644562 0.5182600115513237 0.7183951496782853 0.7324977658722328 0.8060563683044294 0.9447457210213864 0.9633912475168964 0.9768403861280541 1.1511435769282312 1.3001988573208336 1.4961624935216384
62 620 -0.4500333905095826 -0.182214902559653 0.08583457119701088 0.4295748098644562 0.5182600115513237 0.7183951496782853 0.7324977658722328 0.8060563683044294 0.9447457210213864 0.9633912475168964 0.9768403861280541 1.1511435769282312 1.3001988573208336 1.4961624935216384
63 630 -0.4500333905095826 -0.182214902559653 0.08583457119701088 0.4295748098644562 0.5182600115513237 0.7183951496782853 0.7324977658722328 0.8060563683044294 0.9447457210213864 0.9633912475168964 0.9768403861280541 1.1511435769282312 1.3001988573208336 1.4961624935216384
64 640 -0.4500333905095826 -0.182214902559653 0.08583457119701088 0.4295748098644562 0.5182600115513237 0.7183951496782853 0.7324977658722328 0.8060563683044294 0.9447457210213864 0.9633912475168964 0.9768403861280541 1.1511435769282312 1.3001988573208336 1.4961624935216384
65 650 -0.4500333905095826 -0.182214902559653 0.08583457119701088 0.4295748098644562 0.5182600115513237 0.7183951496782853 0.7324977658722328 0.8060563683044294 0.9447457210213864 0.9633912475168964 0.9768403861280541 1.1511435769282312 1.3001988573208336 1.4961624935216384
66 660 -0.4500333905095826 -0.182214902559653 0.08583457119701088 0.4295748098644562 0.5182600115513237 0.7183951496782853 0.7324977658722328 0.8060563683044294 0.9447457210213864 0.9633912475168964 0.9768403861280541 1.1511435769282312 1.3001988573208336 1.4961624935216384
67 670 -0.4500333905095826 -0.182214902559653 0.08583457119701088 0.4295748098644562 0.5182600115513237 0.7183951496782853 0.7324977658722328 0.8060563683044294 0.9447457210213864 0.9633912475168964 0.9768403861280541 1.1511435769282312 1.3001988573208336 1.4961624935216384
68 680 -0.4500333905095826 -0.182214902559653 0.08583457119701088 0.4295748098644562 0.5182600115513237 0.7183951496782853 0.7324977658722328 0.8060563683044294 0.9447457210213864 0.9633912475168964 0.9768403861280541 1.1511435769282312 1.3001988573208336 1.4961624935216384
69 690 -0.4500333905095826 -0.182214902559653 0.08583457119701088 0.4295748098644562 0.5182600115513237 0.7183951496782853 0.7324977658722328 0.8060563683044294 0.9447457210213864 0.9633912475168964 0.9768403861280541 1.1511435769282312 1.3001988573208336 1.4961624935216384
70 700 -0.4500333905095826 -0.182214902559653 0.08583457119701088 0.4295748098644562 0.5182600115513237 0.7183951496782853 0.7324977658722328 0.8060563683044294 0.9447457210213864 0.9633912475168964 0.9768403861280541 1.1511435769282312 1.3001988573208336 1.4961624935216384
71 710 -0.461175571838485 -0.17255405711231026 0.12601228313844598 0.41863334691720133 0.5235570139478197 0.707608049195664 0.7428477868275195 0.8198595802460539 0.885720792077962 0.9473780146455202 1.0042141207024267 1.0886081216381305 1.321093286133755 1.542841144968768
72 720 -0.461175571838485 -0.17255405711231026 0.12601228313844598 0.41863334691720133 0.5235570139478197 0.707608049195664 0.7428477868275195 0.8198595802460539 0.885720792077962 0.9473780146455202 1.0042141207024267 1.0886081216381305 1.321093286133755 1.542841144968768
73 730 -0.461175571838485 -0.17255405711231026 0.12601228313844598 0.41863334691720133 0.5235570139478197 0.707608049195664 0.7428477868275195 0.8198595802460539 0.885720792077962 0.9473780146455202 1.0042141207024267 1.0886081216381305 1.321093286133755 1.542841144968768
74 740 -0.461175571838485 -0.17255405711231026 0.12601228313844598 0.41863334691720133 0.5235570139478197 0.707608049195664 0.7428477868275195 0.8198595802460539 0.885720792077962 0.9473780146455202 1.0042141207024267 1.0886081216381305 1.321093286133755 1.542841144968768
75 750 -0.461175571838485 -0.17255405711231026 0.12601228313844598 0.41863334691720133 0.5235570139478197 0.707608049195664 0.7428477868275195 0.8198595802460539 0.885720792077962 0.9473780146455202 1.0042141207024267 1.0886081216381305 1.321093286133755 1.542841144968768
76 760 -0.461175571838485 -0.17255405711231026 0.12601228313844598 0.41863334691720133 0.5235570139478197 0.707608049195664 0.7428477868275195 0.8198595802460539 0.885720792077962 0.9473780146455202 1.0042141207024267 1.0886081216381305 1.321093286133755 1.542841144968768
77 770 -0.461175571838485 -0.17255405711231026 0.12601228313844598 0.41863334691720133 0.5235570139478197 0.707608049195664 0.7428477868275195 0.8198595802460539 0.885720792077962 0.9473780146455202 1.0042141207024267 1.0886081216381305 1.321093286133755 1.542841144968768
78 780 -0.461175571838485 -0.17255405711231026 0.12601228313844598 0.41863334691720133 0.5235570139478197 0.707608049195664 0.7428477868275195 0.8198595802460539 0.885720792077962 0.9473780146455202 1.0042141207024267 1.0886081216381305 1.321093286133755 1.542841144968768
79 790 -0.461175571838485 -0.17255405711231026 0.12601228313844598 0.41863334691720133 0.5235570139478197 0.707608049195664 0.7428477868275195 0.8198595802460539 0.885720792077962 0.9473780146455202 1.0042141207024267 1.0886081216381305 1.321093286133755 1.542841144968768
80 800 -0.461175571838485 -0.17255405711231026 0.12601228313844598 0.41863334691720133 0.5235570139478197 0.707608049195664 0.7428477868275195 0.8198595802460539 0.885720792077962 0.9473780146455202 1.0042141207024267 1.0886081216381305 1.321093286133755 1.542841144968768
81 810 -0.4632218353172487 -0.15581789231917964 0.08951183385631266 0.35863340187519854 0.6052553951778359 0.6681224834288628 0.7299564696647457 0.8038859704595736 0.9079491559102308 0.9924182620272113 1.0547817845401497 1.1201929548699028 1.2446951455713788 1.5107218809455918
82 820 -0.4632218353172487 -0.15581789231917964 0.08951183385631266 0.35863340187519854 0.6052553951778359 0.6681224834288628 0.7299564696647457 0.8038859704595736 0.9079491559102308 0.9924182620272113 1.0547817845401497 1.1201929548699028 1.2446951455713788 1.5107218809455918
83 830 -0.4632218353172487 -0.15581789231917964 0.08951183385631266 0.35863340187519854 0.6052553951778359 0.6681224834288628 0.7299564696647457 0.8038859704595736 0.9079491559102308 0.9924182620272113 1.0547817845401497 1.1201929548699028 1.2446951455713788 1.5107218809455918
84 840 -0.4632218353172487 -0.15581789231917964 0.08951183385631266 0.35863340187519854 0.6052553951778359 0.6681224834288628 0.7299564696647457 0.8038859704595736 0.9079491559102308 0.9924182620272113 1.0547817845401497 1.1201929548699028 1.2446951455713788 1.5107218809455918
85 850 -0.4632218353172487 -0.15581789231917964 0.08951183385631266 0.35863340187519854 0.6052553951778359 0.6681224834288628 0.7299564696647457 0.8038859704595736 0.9079491559102308 0.9924182620272113 1.0547817845401497 1.1201929548699028 1.2446951455713788 1.5107218809455918
86 860 -0.4632218353172487 -0.15581789231917964 0.08951183385631266 0.35863340187519854 0.6052553951778359 0.6681224834288628 0.7299564696647457 0.8038859704595736 0.9079491559102308 0.9924182620272113 1.0547817845401497 1.1201929548699028 1.2446951455713788 1.5107218809455918
87 870 -0.4632218353172487 -0.15581789231917964 0.08951183385631266 0.35863340187519854 0.6052553951778359 0.6681224834288628 0.7299564696647457 0.8038859704595736 0.9079491559102308 0.9924182620272113 1.0547817845401497 1.1201929548699028 1.2446951455713788 1.5107218809455918
88 880 -0.4632218353172487 -0.15581789231917964 0.08951183385631266 0.35863340187519854 0.6052553951778359 0.6681224834288628 0.7299564696647457 0.8038859704595736 0.9079491559102308 0.9924182620272113 1.0547817845401497 1.1201929548699028 1.2446951455713788 1.5107218809455918
89 890 -0.4632218353172487 -0.15581789231917964 0.08951183385631266 0.35863340187519854 0.6052553951778359 0.6681224834288628 0.7299564696647457 0.8038859704595736 0.9079491559102308 0.9924182620272113 1.0547817845401497 1.1201929548699028 1.2446951455713788 1.5107218809455918
90 900 -0.4632218353172487 -0.15581789231917964 0.08951183385631266 0.35863340187519854 0.6052553951778359 0.6681224834288628 0.7299564696647457 0.8038859704595736 0.9079491559102308 0.9924182620272113 1.0547817845401497 1.1201929548699028 1.2446951455713788 1.5107218809455918
91 910 -0.3762914459486703 -0.12458733781677411 0.10837098253382792 0.40882911446362336 0.6311371438449511 0.6899240493322101 0.8093447988929829 0.8759167332469323 0.9070855119109433 0.9780341283323776 1.095749956208628 1.1202982633646252 1.1982642230417788 1.4256484100165256
92 920 -0.3762914459486703 -0.12458733781677411 0.10837098253382792 0.40882911446362336 0.6311371438449511 0.6899240493322101 0.8093447988929829 0.8759167332469323 0.9070855119109433 0.9780341283323776 1.095749956208628 1.1202982633646252 1.1982642230417788 1.4256484100165256
93 930 -0.3762914459486703 -0.12458733781677411 0.10837098253382792 0.40882911446362336 0.6311371438449511 0.6899240493322101 0.8093447988929829 0.8759167332469323 0.9070855119109433 0.9780341283323776 1.095749956208628 1.1202982633646252 1.1982642230417788 1.4256484100165256
94 940 -0.3762914459486703 -0.12458733781677411 0.10837098253382792 0.40882911446362336 0.6311371438449511 0.6899240493322101 0.8093447988929829 0.8759167332469323 0.9070855119109433 0.9780341283323776 1.095749956208628 1.1202982633646252 1.1982642230417788 1.4256484100165256
95 950 -0.3762914459486703 -0.12458733781677411 0.10837098253382792 0.40882911446362336 0.6311371438449511 0.6899240493322101 0.8093447988929829 0.8759167332469323 0.9070855119109433 0.9780341283323776 1.095749956208628 1.1202982633646252 1.1982642230417788 1.4256484100165256
96 960 -0.3762914459486703 -0.12458733781677411 0.10837098253382792 0.40882911446362336 0.6311371438449511 0.6899240493322101 0.8093447988929829 0.8759167332469323 0.9070855119109433 0.9780341283323776 1.095749956208628 1.1202982633646252 1.1982642230417788 1.4256484100165256
97 970 -0.3762914459486703 -0.12458733781677411 0.10837098253382792 0.40882911446362336 0.6311371438449511 0.6899240493322101 0.8093447988929829 0.8759167332469323 0.9070855119109433 0.9780341283323776 1.095749956208628 1.1202982633646252 1.1982642230417788 1.4256484100165256
98 980 -0.3762914459486703 -0.12458733781677411 0.10837098253382792 0.40882911446362336 0.6311371438449511 0.6899240493322101 0.8093447988929829 0.8759167332469323 0.9070855119109433 0.9780341283323776 1.095749956208628 1.1202982633646252 1.1982642230417788 1.4256484100165256
99 990 -0.3762914459486703 -0.12458733781677411 0.10837098253382792 0.40882911446362336 0.6311371438449511 0.6899240493322101 0.8093447988929829 0.8759167332469323 0.9070855119109433 0.9780341283323776 1.095749956208628 1.1202982633646252 1.1982642230417788 1.4256484100165256
100 1000 -0.3762914459486703 -0.12458733781677411 0.10837098253382792 0.40882911446362336 0.6311371438449511 0.6899240493322101 0.8093447988929829 0.8759167332469323 0.9070855119109433 0.9780341283323776 1.095749956208628 1.1202982633646252 1.1982642230417788 1.4256484100165256
101 1010 -0.28286348414233303 -0.13363015225234634 0.0734966445287259 0.3806585694836425 0.6843991100484238 0.7225249570479764 0.8074906214290438 0.8584216278702549 0.9262389797801325 1.0146530468911785 1.0804314618077555 1.1651740709326974 1.1882713039338435 1.3402372347820426
102 1020 -0.28286348414233303 -0.13363015225234634 0.0734966445287259 0.3806585694836425 0.6843991100484238 0.7225249570479764 0.8074906214290438 0.8584216278702549 0.9262389797801325 1.0146530468911785 1.0804314618077555 1.1651740709326974 1.1882713039338435 1.3402372347820426
103 1030 -0.28286348414233303 -0.13363015225234634 0.0734966445287259 0.3806585694836425 0.6843991100484238 0.7225249570479764 0.8074906214290438 0.8584216278702549 0.9262389797801325 1.0146530468911785 1.0804314618077555 1.1651740709326974 1.1882713039338435 1.3402372347820426
104 1040 -0.28286348414233303 -0.13363015225234634 0.0734966445287259 0.3806585694836425 0.6843991100484238 0.7225249570479764 0.8074906214290438 0.8584216278702549 0.9262389797801325 1.0146530468911785 1.0804314618077555 1.1651740709326974 1.1882713039338435 1.3402372347820426
105 1050 -0.28286348414233303 -0.13363015225234634 0.0734966445287259 0.3806585694836425 0.6843991100484238 0.7225249570479764 0.8074906214290438 0.8584216278702549 0.9262389797801325 1.0146530468911785 1.0804314618077555 1.1651740709326974 1.1882713039338435 1.3402372347820426
106 1060 -0.28286348414233303 -0.13363015225234634 0.0734966445287259 0.3806585694836425 0.6843991100484238 0.7225249570479764 0.8074906214290438 0.8584216278702549 0.9262389797801325 1.0146530468911785 1.0804314618077555 1.1651740709326974 1.1882713039338435 1.3402372347820426
107 1070 -0.28286348414233303 -0.13363015225234634 0.0734966445287259 0.3806585694836425 0.6843991100484238 0.7225249570479764 0.8074906214290438 0.8584216278702549 0.9262389797801325 1.0146530468911785 1.0804314618077555 1.1651740709326974 1.1882713039338435 1.3402372347820426
108 1080 -0.28286348414233303 -0.13363015225234634 0.0734966445287259 0.3806585694836425 0.6843991100484238 0.7225249570479764 0.8074906214290438 0.8584216278702549 0.9262389797801325 1.0146530468911785 1.0804314618077555 1.1651740709326974 1.1882713039338435 1.3402372347820426
109 1090 -0.28286348414233303 -0.13363015225234634 0.0734966445287259 0.3806585694836425 0.6843991100484238 0.7225249570479764 0.8074906214290438 0.8584216278702549 0.9262389797801325 1.0146530468911785 1.0804314618077555 1.1651740709326974 1.1882713039338435 1.3402372347820426
110 1100 -0.28286348414233303 -0.13363015225234634 0.0734966445287259 0.3806585694836425 0.6843991100484238 0.7225249570479764 0.8074906214290438 0.8584216278702549 0.9262389797801325 1.0146530468911785 1.0804314618077555 1.1651740709326974 1.1882713039338435 1.3402372347820426
111 1110 -0.286237110893225 -0.10401427494595933 0.06710718381786854 0.32318366406105914 0.6841137622324355 0.7229081693781184 0.7952041677034106 0.8543196787259255 0.9186720217428179 1.000487611552891 1.0858809427128167 1.1847064489155856 1.2427857278824521 1.2942424253199645
112 1120 -0.286237110893225 -0.10401427494595933 0.06710718381786854 0.32318366406105914 0.6841137622324355 0.7229081693781184 0.7952041677034106 0.8543196787259255 0.9186720217428179 1.000487611552891 1.0858809427128167 1.1847064489155856 1.2427857278824521 1.2942424253199645
113 1130 -0.286237110893225 -0.10401427494595933 0.06710718381786854 0.32318366406105914 0.6841137622324355 0.7229081693781184 0.7952041677034106 0.8543196787259255 0.9186720217428179 1.000487611552891 1.0858809427128167 1.1847064489155856 1.2427857278824521 1.2942424253199645
114 1140 -0.286237110893225 -0.10401427494595933 0.06710718381786854 0.32318366406105914 0.6841137622324355 0.7229081693781184 0.7952041677034106 0.8543196787259255 0.9186720217428179 1.000487611552891 1.0858809427128167 1.1847064489155856 1.2427857278824521 1.2942424253199645
115 1150 -0.286237110893225 -0.10401427494595933 0.06710718381786854 0.32318366406105914 0.6841137622324355 0.7229081693781184 0.7952041677034106 0.8543196787259255 0.9186720217428179 1.000487611552891 1.0858809427128167 1.1847064489155856 1.2427857278824521 1.2942424253199645
116 1160 -0.286237110893225 -0.10401427494595933 0.06710718381786854 0.32318366406105914 0.6841137622324355 0.7229081693781184 0.7952041677034106 0.8543196787259255 0.9186720217428179 1.000487611552891 1.0858809427128167 1.1847064489155856 1.2427857278824521 1.2942424253199645
117 1170 -0.286237110893225 -0.10401427494595933 0.06710718381786854 0.32318366406105914 0.6841137622324355 0.7229081693781184 0.7952041677034106 0.8543196787259255 0.9186720217428179 1.000487611552891 1.0858809427128167 1.1847064489155856 1.2427857278824521 1.2942424253199645
118 1180 -0.286237110893225 -0.10401427494595933 0.06710718381786854 0.32318366406105914 0.6841137622324355 0.7229081693781184 0.7952041677034106 0.8543196787259255 0.9186720217428179 1.000487611552891 1.0858809427128167 1.1847064489155856 1.2427857278824521 1.2942424253199645
119 1190 -0.286237110893225 -0.10401427494595933 0.06710718381786854 0.32318366406105914 0.6841137622324355 0.7229081693781184 0.7952041677034106 0.8543196787259255 0.9186720217428179 1.000487611552891 1.0858809427128167 1.1847064489155856 1.2427857278824521 1.2942424253199645
120 1200 -0.286237110893225 -0.10401427494595933 0.06710718381786854 0.32318366406105914 0.6841137622324355 0.7229081693781184 0.7952041677034106 0.8543196787259255 0.9186720217428179 1.000487611552891 1.0858809427128167 1.1847064489155856 1.2427857278824521 1.2942424253199645
121 1210 -0.36471370235014167 -0.08176437159210814 0.08452278847652615 0.26726676857729315 0.6858184465015494 0.7462129559435678 0.7991803747163615 0.8720098496431931 0.9581021376622894 0.9682615487576097 1.0627772224062542 1.1750293834793601 1.2346988412691573 1.297523793801588
122 1220 -0.36471370235014167 -0.08176437159210814 0.08452278847652615 0.26726676857729315 0.6858184465015494 0.7462129559435678 0.7991803747163615 0.8720098496431931 0.9581021376622894 0.9682615487576097 1.0627772224062542 1.1750293834793601 1.2346988412691573 1.297523793801588
123 1230 -0.36471370235014167 -0.08176437159210814 0.08452278847652615 0.26726676857729315 0.6858184465015494 0.7462129559435678 0.7991803747163615 0.8720098496431931 0.9581021376622894 0.9682615487576097 1.0627772224062542 1.1750293834793601 1.2346988412691573 1.297523793801588
124 1240 -0.36471370235014167 -0.08176437159210814 0.08452278847652615 0.26726676857729315 0.6858184465015494 0.7462129559435678 0.7991803747163615 0.8720098496431931 0.9581021376622894 0.9682615487576097 1.0627772224062542 1.1750293834793601 1.2346988412691573 1.297523793801588
125 1250 -0.36471370235014167 -0.08176437159210814 0.08452278847652615 0.26726676857729315 0.6858184465015494 0.7462129559435678 0.7991803747163615 0.8720098496431931 0.9581021376622894 0.9682615487576097 1.0627772224062542 1.1750293834793601 1.2346988412691573 1.297523793801588
126 1260 -0.36471370235014167 -0.08176437159210814 0.08452278847652615 0.26726676857729315 0.6858184465015494 0.7462129559435678 0.7991803747163615 0.8720098496431931 0.9581021376622894 0.9682615487576097 1.0627772224062542 1.1750293834793601 1.2346988412691573 1.297523793801588
127 1270 -0.36471370235014167 -0.08176437159210814 0.08452278847652615 0.26726676857729315 0.6858184465015494 0.7462129559435678 0.7991803747163615 0.8720098496431931 0.9581021376622894 0.9682615487576097 1.0627772224062542 1.1750293834793601 1.2346988412691573 1.297523793801588
128 1280 -0.36471370235014167 -0.08176437159210814 0.08452278847652615 0.26726676857729315 0.6858184465015494 0.7462129559435678 0.7991803747163615 0.8720098496431931 0.9581021376622894 0.9682615487576097 1.0627772224062542 1.1750293834793601 1.2346988412691573 1.297523793801588
129 1290 -0.36471370235014167 -0.08176437159210814 0.08452278847652615 0.26726676857729315 0.6858184465015494 0.7462129559435678 0.7991803747163615 0.8720098496431931 0.9581021376622894 0.9682615487576097 1.0627772224062542 1.1750293834793601 1.2346988412691573 1.297523793801588
130 1300 -0.36471370235014167 -0.08176437159210814 0.08452278847652615 0.26726676857729315 0.6858184465015494 0.7462129559435678 0.7991803747163615 0.8720098496431931 0.9581021376622894 0.9682615487576097 1.0627772224062542 1.1750293834793601 1.2346988412691573 1.297523793801588
131 1310 -0.27446903509081755 -0.08417500405809672 0.07502946672946212 0.260277820779647 0.7059089410608822 0.8242663566730649 0.8523727401178466 0.8937887279281644 0.9311420062133068 0.970851882438312 1.0159091178592172 1.1253454467336794 1.2259647474841644 1.2983981963339202
132 1320 -0.27446903509081755 -0.08417500405809672 0.07502946672946212 0.260277820779647 0.7059089410608822 0.8242663566730649 0.8523727401178466 0.8937887279281644 0.9311420062133068 0.970851882438312 1.0159091178592172 1.1253454467336794 1.2259647474841644 1.2983981963339202
133 1330 -0.27446903509081755 -0.08417500405809672 0.07502946672946212 0.260277820779647 0.7059089410608822 0.8242663566730649 0.8523727401178466 0.8937887279281644 0.9311420062133068 0.970851882438312 1.0159091178592172 1.1253454467336794 1.2259647474841644 1.2983981963339202
134 1340 -0.27446903509081755 -0.08417500405809672 0.07502946672946212 0.260277820779647 0.7059089410608822 0.8242663566730649 0.8523727401178466 0.8937887279281644 0.9311420062133068 0.970851882438312 1.0159091178592172 1.1253454467336794 1.2259647474841644 1.2983981963339202
135 1350 -0.27446903509081755 -0.08417500405809672 0.07502946672946212 0.260277820779647 0.7059089410608822 0.8242663566730649 0.8523727401178466 0.8937887279281644 0.9311420062133068 0.970851882438312 1.0159091178592172 1.1253454467336794 1.2259647474841644 1.2983981963339202
136 1360 -0.27446903509081755 -0.08417500405809672 0.07502946672946212 0.260277820779647 0.7059089410608822 0.8242663566730649 0.8523727401178466 0.8937887279281644 0.9311420062133068 0.970851882438312 1.0159091178592172 1.1253454467336794 1.2259647474841644 1.2983981963339202
137 1370 -0.27446903509081755 -0.08417500405809672 0.07502946672946212 0.260277820779647 0.7059089410608822 0.8242663566730649 0.8523727401178466 0.8937887279281644 0.9311420062133068 0.970851882438312 1.0159091178592172 1.1253454467336794 1.2259647474841644 1.2983981963339202
138 1380 -0.27446903509081755 -0.08417500405809672 0.07502946672946212 0.260277820779647 0.7059089410608822 0.8242663566730649 0.8523727401178466 0.8937887279281644 0.9311420062133068 0.970851882438312 1.0159091178592172 1.1253454467336794 1.2259647474841644 1.2983981963339202
139 1390 -0.27446903509081755 -0.08417500405809672 0.07502946672946212 0.260277820779647 0.7059089410608822 0.8242663566730649 0.8523727401178466 0.8937887279281644 0.9311420062133068 0.970851882438312 1.0159091178592172 1.1253454467336794 1.2259647474841644 1.2983981963339202
140 1400 -0.27446903509081755 -0.08417500405809672 0.07502946672946212 0.260277820779647 0.7059089410608822 0.8242663566730649 0.8523727401178466 0.8937887279281644 0.9311420062133068 0.970851882438312 1.0159091178592172 1.1253454467336794 1.2259647474841644 1.2983981963339202
141 1410 -0.33698509316008335 -0.11353480332144851 0.07745066436159256 0.24467603853773945 0.6922859260695744 0.7689698735307913 0.831018503778643 0.8614422618368915 0.906590475033252 0.9795559631828296 1.0710742895185659 1.107811761309883 1.1891195914721764 1.3881146914616447
142 1420 -0.33698509316008335 -0.11353480332144851 0.07745066436159256 0.24467603853773945 0.6922859260695744 0.7689698735307913 0.831018503778643 0.8614422618368915 0.906590475033252 0.9795559631828296 1.0710742895185659 1.107811761309883 1.1891195914721764 1.3881146914616447
143 1430 -0.33698509316008335 -0.11353480332144851 0.07745066436159256 0.24467603853773945 0.6922859260695744 0.7689698735307913 0.831018503778643 0.8614422618368915 0.906590475033252 0.9795559631828296 1.0710742895185659 1.107811761309883 1.1891195914721764 1.3881146914616447
144 1440 -0.33698509316008335 -0.11353480332144851 0.07745066436159256 0.24467603853773945 0.6922859260695744 0.7689698735307913 0.831018503778643 0.8614422618368915 0.906590475033252 0.9795559631828296 1.0710742895185659 1.107811761309883 1.1891195914721764 1.3881146914616447
145 1450 -0.33698509316008335 -0.11353480332144851 0.07745066436159256 0.24467603853773945 0.6922859260695744 0.7689698735307913 0.831018503778643 0.8614422618368915 0.906590475033252 0.9795559631828296 1.0710742895185659 1.107811761309883 1.1891195914721764 1.3881146914616447
146 1460 -0.33698509316008335 -0.11353480332144851 0.07745066436159256 0.24467603853773945 0.6922859260695744 0.7689698735307913 0.831018503778643 0.8614422618368915 0.906590475033252 0.9795559631828296 1.0710742895185659 1.107811761309883 1.1891195914721764 1.3881146914616447
147 1470 -0.33698509316008335 -0.11353480332144851 0.07745066436159256 0.24467603853773945 0.6922859260695744 0.7689698735307913 0.831018503778643 0.8614422618368915 0.906590475033252 0.9795559631828296 1.0710742895185659 1.107811761309883 1.1891195914721764 1.3881146914616447
148 1480 -0.33698509316008335 -0.11353480332144851 0.07745066436159256 0.24467603853773945 0.6922859260695744 0.7689698735307913 0.831018503778643 0.8614422618368915 0.906590475033252 0.9795559631828296 1.0710742895185659 1.107811761309883 1.1891195914721764 1.3881146914616447
149 1490 -0.33698509316008335 -0.11353480332144851 0.07745066436159256 0.24467603853773945 0.6922859260695744 0.7689698735307913 0.831018503778643 0.8614422618368915 0.906590475033252 0.9795559631828296 1.0710742895185659 1.107811761309883 1.1891195914721764 1.3881146914616447
150 1500 -0.33698509316008335 -0.11353480332144851 0.07745066436159256 0.24467603853773945 0.6922859260695744 0.7689698735307913 0.831018503778643 0.8614422618368915 0.906590475033252 0.9795559631828296 1.0710742895185659 1.107811761309883 1.1891195914721764 1.3881146914616447
151 1510 -0.32428839510692736 -0.08494436233373445 0.0907899415534261 0.2252729439919119 0.7271912736924945 0.8099323557200266 0.828209778457596 0.8772808037111636 0.9175355707936875 0.9546358638761565 1.0650870946858542 1.0718748091142387 1.174100582483034 1.3944927124919295
152 1520 -0.32428839510692736 -0.08494436233373445 0.0907899415534261 0.2252729439919119 0.7271912736924945 0.8099323557200266 0.828209778457596 0.8772808037111636 0.9175355707936875 0.9546358638761565 1.0650870946858542 1.0718748091142387 1.174100582483034 1.3944927124919295
153 1530 -0.32428839510692736 -0.08494436233373445 0.0907899415534261 0.2252729439919119 0.7271912736924945 0.8099323557200266 0.828209778457596 0.8772808037111636 0.9175355707936875 0.9546358638761565 1.0650870946858542 1.0718748091142387 1.174100582483034 1.3944927124919295
154 1540 -0.32428839510692736 -0.08494436233373445 0.0907899415534261 0.2252729439919119 0.7271912736924945 0.8099323557200266 0.828209778457596 0.8772808037111636 0.9175355707936875 0.9546358638761565 1.0650870946858542 1.0718748091142387 1.174100582483034 1.3944927124919295
155 1550 -0.32428839510692736 -0.08494436233373445 0.0907899415534261 0.2252729439919119 0.7271912736924945 0.8099323557200266 0.828209778457596 0.8772808037111636 0.9175355707936875 0.9546358638761565 1.0650870946858542 1.0718748091142387 1.174100582483034 1.3944927124919295
156 1560 -0.32428839510692736 -0.08494436233373445 0.0907899415534261 0.2252729439919119 0.7271912736924945 0.8099323557200266 0.828209778457596 0.8772808037111636 0.9175355707936875 0.9546358638761565 1.0650870946858542 1.0718748091142387 1.174100582483034 1.3944927124919295
157 1570 -0.32428839510692736 -0.08494436233373445 0.0907899415534261 0.2252729439919119 0.7271912736924945 0.8099323557200266 0.828209778457596 0.8772808037111636 0.9175355707936875 0.9546358638761565 1.0650870946858542 1.0718748091142387 1.174100582483034 1.3944927124919295
158 1580 -0.32428839510692736 -0.08494436233373445 0.0907899415534261 0.2252729439919119 0.7271912736924945 0.8099323557200266 0.828209778457596 0.8772808037111636 0.9175355707936875 0.9546358638761565 1.0650870946858542 1.0718748091142387 1.174100582483034 1.3944927124919295
159 1590 -0.32428839510692736 -0.08494436233373445 0.0907899415534261 0.2252729439919119 0.7271912736924945 0.8099323557200266 0.828209778457596 0.8772808037111636 0.9175355707936875 0.9546358638761565 1.0650870946858542 1.0718748091142387 1.174100582483034 1.3944927124919295
160 1600 -0.32428839510692736 -0.08494436233373445 0.0907899415534261 0.2252729439919119 0.7271912736924945 0.8099323557200266 0.828209778457596 0.8772808037111636 0.9175355707936875 0.9546358638761565 1.0650870946858542 1.0718748091142387 1.174100582483034 1.3944927124919295
161 1610 -0.26904636017937117 -0.09462154563095251 0.10028639047487022 0.2620684836732837 0.7324041259608813 0.7752763290345586 0.8521809446553645 0.8752913917849066 0.9478562962865222 0.9844762396754624 1.019306402383763 1.1188479012753405 1.1622495989503332 1.3641583865751046
162 1620 -0.26904636017937117 -0.09462154563095251 0.10028639047487022 0.2620684836732837 0.7324041259608813 0.7752763290345586 0.8521809446553645 0.8752913917849066 0.9478562962865222 0.9844762396754624 1.019306402383763 1.1188479012753405 1.1622495989503332 1.3641583865751046
163 1630 -0.26904636017937117 -0.09462154563095251 0.10028639047487022 0.2620684836732837 0.7324041259608813 0.7752763290345586 0.8521809446553645 0.8752913917849066 0.9478562962865222 0.9844762396754624 1.019306402383763 1.1188479012753405 1.1622495989503332 1.3641583865751046
164 1640 -0.26904636017937117 -0.09462154563095251 0.10028639047487022 0.2620684836732837 0.7324041259608813 0.7752763290345586 0.8521809446553645 0.8752913917849066 0.9478562962865222 0.9844762396754624 1.019306402383763 1.1188479012753405 1.1622495989503332 1.3641583865751046
165 1650 -0.26904636017937117 -0.09462154563095251 0.10028639047487022 0.2620684836732837 0.7324041259608813 0.7752763290345586 0.8521809446553645 0.8752913917849066 0.9478562962865222 0.9844762396754624 1.019306402383763 1.1188479012753405 1.1622495989503332 1.3641583865751046
166 1660 -0.26904636017937117 -0.09462154563095251 0.10028639047487022 0.2620684836732837 0.7324041259608813 0.7752763290345586 0.8521809446553645 0.8752913917849066 0.9478562962865222 0.9844762396754624 1.019306402383763 1.1188479012753405 1.1622495989503332 1.3641583865751046
167 1670 -0.26904636017937117 -0.09462154563095251 0.10028639047487022 0.2620684836732837 0.7324041259608813 0.7752763290345586 0.8521809446553645 0.8752913917849066 0.9478562962865222 0.9844762396754624 1.019306402383763 1.1188479012753405 1.1622495989503332 1.3641583865751046
168 1680 -0.26904636017937117 -0.09462154563095251 0.10028639047487022 0.2620684836732837 0.7324041259608813 0.7752763290345586 0.8521809446553645 0.8752913917849066 0.9478562962865222 0.9844762396754624 1.019306402383763 1.1188479012753405 1.1622495989503332 1.3641583865751046
169 1690 -0.26904636017937117 -0.09462154563095251 0.10028639047487022 0.2620684836732837 0.7324041259608813 0.7752763290345586 0.8521809446553645 0.8752913917849066 0.9478562962865222 0.9844762396754624 1.019306402383763 1.1188479012753405 1.1622495989503332 1.3641583865751046
170 1700 -0.26904636017937117 -0.09462154563095251 0.10028639047487022 0.2620684836732837 0.7324041259608813 0.7752763290345586 0.8521809446553645 0.8752913917849066 0.9478562962865222 0.9844762396754624 1.019306402383763 1.1188479012753405 1.1622495989503332 1.3641583865751046
171 1710 -0.39665729304554453 -0.044270632585407345 0.08889682148940611 0.25481368019631423 0.6923477390620657 0.8290023475696986 0.8651848127522899 0.8786313680201687 0.9616056731127186 1.0139252938553502 1.0441134847448805 1.111198722550756 1.1750843498267367 1.2862282470614952
172 1720 -0.39665729304554453 -0.044270632585407345 0.08889682148940611 0.25481368019631423 0.6923477390620657 0.8290023475696986 0.8651848127522899 0.8786313680201687 0.9616056731127186 1.0139252938553502 1.0441134847448805 1.111198722550756 1.1750843498267367 1.2862282470614952
173 1730 -0.39665729304554453 -0.044270632585407345 0.08889682148940611 0.25481368019631423 0.6923477390620657 0.8290023475696986 0.8651848127522899 0.8786313680201687 0.9616056731127186 1.0139252938553502 1.0441134847448805 1.111198722550756 1.1750843498267367 1.2862282470614952
174 1740 -0.39665729304554453 -0.044270632585407345 0.08889682148940611 0.25481368019631423 0.6923477390620657 0.8290023475696986 0.8651848127522899 0.8786313680201687 0.9616056731127186 1.0139252938553502 1.0441134847448805 1.111198722550756 1.1750843498267367 1.2862282470614952
175 1750 -0.39665729304554453 -0.044270632585407345 0.08889682148940611 0.25481368019631423 0.6923477390620657 0.8290023475696986 0.8651848127522899 0.8786313680201687 0.9616056731127186 1.0139252938553502 1.0441134847448805 1.111198722550756 1.1750843498267367 1.2862282470614952
176 1760 -0.39665729304554453 -0.044270632585407345 0.08889682148940611 0.25481368019631423 0.6923477390620657 0.8290023475696986 0.8651848127522899 0.8786313680201687 0.9616056731127186 1.0139252938553502 1.0441134847448805 1.111198722550756 1.1750843498267367 1.2862282470614952
177 1770 -0.39665729304554453 -0.044270632585407345 0.08889682148940611 0.25481368019631423 0.6923477390620657 0.8290023475696986 0.8651848127522899 0.8786313680201687 0.9616056731127186 1.0139252938553502 1.0441134847448805 1.111198722550756 1.1750843498267367 1.2862282470614952
178 1780 -0.39665729304554453 -0.044270632585407345 0.08889682148940611 0.25481368019631423 0.6923477390620657 0.8290023475696986 0.8651848127522899 0.8786313680201687 0.9616056731127186 1.0139252938553502 1.0441134847448805 1.111198722550756 1.1750843498267367 1.2862282470614952
179 1790 -0.39665729304554453 -0.044270632585407345 0.08889682148940611 0.25481368019631423 0.6923477390620657 0.8290023475696986 0.8651848127522899 0.8786313680201687 0.9616056731127186 1.0139252938553502 1.0441134847448805 1.111198722550756 1.1750843498267367 1.2862282470614952
180 1800 -0.39665729304554453 -0.044270632585407345 0.08889682148940611 0.25481368019631423 0.6923477390620657 0.8290023475696986 0.8651848127522899 0.8786313680201687 0.9616056731127186 1.0139252938553502 1.0441134847448805 1.111198722550756 1.1750843498267367 1.2862282470614952
181 1810 -0.29416330599335894 -0.032766508950336753 0.10379318339827281 0.1791210061263213 0.7671715426077065 0.8508988046870511 0.8756952660833764 0.8946205517541287 0.9270674543636854 0.9910517607443223 1.0529684266165702 1.091751464029948 1.1699154282939772 1.2685532642720954
182 1820 -0.29416330599335894 -0.032766508950336753 0.10379318339827281 0.1791210061263213 0.7671715426077065 0.8508988046870511 0.8756952660833764 0.8946205517541287 0.9270674543636854 0.9910517607443223 1.0529684266165702 1.091751464029948 1.1699154282939772 1.2685532642720954
183 1830 -0.29416330599335894 -0.032766508950336753 0.10379318339827281 0.1791210061263213 0.7671715426077065 0.8508988046870511 0.8756952660833764 0.8946205517541287 0.9270674543636854 0.9910517607443223 1.0529684266165702 1.091751464029948 1.1699154282939772 1.2685532642720954
184 1840 -0.29416330599335894 -0.032766508950336753 0.10379318339827281 0.1791210061263213 0.7671715426077065 0.8508988046870511 0.8756952660833764 0.8946205517541287 0.9270674543636854 0.9910517607443223 1.0529684266165702 1.091751464029948 1.1699154282939772 1.2685532642720954
185 1850 -0.29416330599335894 -0.032766508950336753 0.10379318339827281 0.1791210061263213 0.7671715426077065 0.8508988046870511 0.8756952660833764 0.8946205517541287 0.9270674543636854 0.9910517607443223 1.0529684266165702 1.091751464029948 1.1699154282939772 1.2685532642720954
186 1860 -0.29416330599335894 -0.032766508950336753 0.10379318339827281 0.1791210061263213 0.7671715426077065 0.8508988046870511 0.8756952660833764 0.8946205517541287 0.9270674543636854 0.9910517607443223 1.0529684266165702 1.091751464029948 1.1699154282939772 1.2685532642720954
187 1870 -0.29416330599335894 -0.032766508950336753 0.10379318339827281 0.1791210061263213 0.7671715426077065 0.8508988046870511 0.8756952660833764 0.8946205517541287 0.9270674543636854 0.9910517607443223 1.0529684266165702 1.091751464029948 1.1699154282939772 1.2685532642720954
188 1880 -0.29416330599335894 -0.032766508950336753 0.10379318339827281 0.1791210061263213 0.7671715426077065 0.8508988046870511 0.8756952660833764 0.8946205517541287 0.9270674543636854 0.9910517607443223 1.0529684266165702 1.091751464029948 1.1699154282939772 1.2685532642720954
189 1890 -0.29416330599335894 -0.032766508950336753 0.10379318339827281 0.1791210061263213 0.7671715426077065 0.8508988046870511 0.8756952660833764 0.8946205517541287 0.9270674543636854 0.9910517607443223 1.0529684266165702 1.091751464029948 1.1699154282939772 1.2685532642720954
190 1900 -0.29416330599335894 -0.032766508950336753 0.10379318339827281 0.1791210061263213 0.7671715426077065 0.8508988046870511 0.8756952660833764 0.8946205517541287 0.9270674543636854 0.9910517607443223 1.0529684266165702 1.091751464029948 1.1699154282939772 1.2685532642720954
191 1910 -0.2250083518312154 -0.040242721400310655 0.10299189954181434 0.3059625263901593 0.7702673955246638 0.7956767874652588 0.8522080854876615 0.8857128468982399 0.9158059313518903 0.964741511100559 1.0583244802541787 1.1408163133487021 1.2210349838867607 1.2573682976067313
192 1920 -0.2250083518312154 -0.040242721400310655 0.10299189954181434 0.3059625263901593 0.7702673955246638 0.7956767874652588 0.8522080854876615 0.8857128468982399 0.9158059313518903 0.964741511100559 1.0583244802541787 1.1408163133487021 1.2210349838867607 1.2573682976067313
193 1930 -0.2250083518312154 -0.040242721400310655 0.10299189954181434 0.3059625263901593 0.7702673955246638 0.7956767874652588 0.8522080854876615 0.8857128468982399 0.9158059313518903 0.964741511100559 1.0583244802541787 1.1408163133487021 1.2210349838867607 1.2573682976067313
194 1940 -0.2250083518312154 -0.040242721400310655 0.10299189954181434 0.3059625263901593 0.7702673955246638 0.7956767874652588 0.8522080854876615 0.8857128468982399 0.9158059313518903 0.964741511100559 1.0583244802541787 1.1408163133487021 1.2210349838867607 1.2573682976067313
195 1950 -0.2250083518312154 -0.040242721400310655 0.10299189954181434 0.3059625263901593 0.7702673955246638 0.7956767874652588 0.8522080854876615 0.8857128468982399 0.9158059313518903 0.964741511100559 1.0583244802541787 1.1408163133487021 1.2210349838867607 1.2573682976067313
196 1960 -0.2250083518312154 -0.040242721400310655 0.10299189954181434 0.3059625263901593 0.7702673955246638 0.7956767874652588 0.8522080854876615 0.8857128468982399 0.9158059313518903 0.964741511100559 1.0583244802541787 1.1408163133487021 1.2210349838867607 1.2573682976067313
197 1970 -0.2250083518312154 -0.040242721400310655 0.10299189954181434 0.3059625263901593 0.7702673955246638 0.7956767874652588 0.8522080854876615 0.8857128468982399 0.9158059313518903 0.964741511100559 1.0583244802541787 1.1408163133487021 1.2210349838867607 1.2573682976067313
198 1980 -0.2250083518312154 -0.040242721400310655 0.10299189954181434 0.3059625263901593 0.7702673955246638 0.7956767874652588 0.8522080854876615 0.8857128468982399 0.9158059313518903 0.964741511100559 1.0583244802541787 1.1408163133487021 1.2210349838867607 1.2573682976067313
199 1990 -0.2250083518312154 -0.040242721400310655 0.10299189954181434 0.3059625263901593 0.7702673955246638 0.7956767874652588 0.8522080854876615 0.8857128468982399 0.9158059313518903 0.964741511100559 1.0583244802541787 1.1408163133487021 1.2210349838867607 1.2573682976067313
200 2000 -0.2250083518312154 -0.040242721400310655 0.10299189954181434 0.3059625263901593 0.7702673955246638 0.7956767874652588 0.8522080854876615 0.8857128468982399 0.9158059313518903 0.964741511100559 1.0583244802541787 1.1408163133487021 1.2210349838867607 1.2573682976067313
201 2010 -0.2214993241478915 -0.045311663556048376 0.10387834483980884 0.2927035005688111 0.7508601393624639 0.7879416161747695 0.8312175684450522 0.8806365297499207 0.9107687910450188 0.9767390600532518 1.0699180782899054 1.146291404986061 1.2046464868908435 1.2866673606820602
202 2020 -0.2214993241478915 -0.045311663556048376 0.10387834483980884 0.2927035005688111 0.7508601393624639 0.7879416161747695 0.8312175684450522 0.8806365297499207 0.9107687910450188 0.9767390600532518 1.0699180782899054 1.146291404986061 1.2046464868908435 1.2866673606820602
203 2030 -0.2214993241478915 -0.045311663556048376 0.10387834483980884 0.2927035005688111 0.7508601393624639 0.7879416161747695 0.8312175684450522 0.8806365297499207 0.9107687910450188 0.9767390600532518 1.0699180782899054 1.146291404986061 1.2046464868908435 1.2866673606820602
204 2040 -0.2214993241478915 -0.045311663556048376 0.10387834483980884 0.2927035005688111 0.7508601393624639 0.7879416161747695 0.8312175684450522 0.8806365297499207 0.9107687910450188 0.9767390600532518 1.0699180782899054 1.146291404986061 1.2046464868908435 1.2866673606820602
205 2050 -0.2214993241478915 -0.045311663556048376 0.10387834483980884 0.2927035005688111 0.7508601393624639 0.7879416161747695 0.8312175684450522 0.8806365297499207 0.9107687910450188 0.9767390600532518 1.0699180782899054 1.146291404986061 1.2046464868908435 1.2866673606820602
206 2060 -0.2214993241478915 -0.045311663556048376 0.10387834483980884 0.2927035005688111 0.7508601393624639 0.7879416161747695 0.8312175684450522 0.8806365297499207 0.9107687910450188 0.9767390600532518 1.0699180782899054 1.146291404986061 1.2046464868908435 1.2866673606820602
207 2070 -0.2214993241478915 -0.045311663556048376 0.10387834483980884 0.2927035005688111 0.7508601393624639 0.7879416161747695 0.8312175684450522 0.8806365297499207 0.9107687910450188 0.9767390600532518 1.0699180782899054 1.146291404986061 1.2046464868908435 1.2866673606820602
208 2080 -0.2214993241478915 -0.045311663556048376 0.10387834483980884 0.2927035005688111 0.7508601393624639 0.7879416161747695 0.8312175684450522 0.8806365297499207 0.9107687910450188 0.9767390600532518 1.0699180782899054 1.146291404986061 1.2046464868908435 1.2866673606820602
209 2090 -0.2214993241478915 -0.045311663556048376 0.10387834483980884 0.2927035005688111 0.7508601393624639 0.7879416161747695 0.8312175684450522 0.8806365297499207 0.9107687910450188 0.9767390600532518 1.0699180782899054 1.146291404986061 1.2046464868908435 1.2866673606820602
210 2100 -0.2214993241478915 -0.045311663556048376 0.10387834483980884 0.2927035005688111 0.7508601393624639 0.7879416161747695 0.8312175684450522 0.8806365297499207 0.9107687910450188 0.9767390600532518 1.0699180782899054 1.146291404986061 1.2046464868908435 1.2866673606820602
211 2110 -0.30090822511064996 -0.062059909208372024 0.11926537321110214 0.19233967001642369 0.699877525297985 0.8162102649457552 0.868770740939421 0.8977393426463772 0.9269821652340371 1.0009966573329316 1.0602518981811861 1.0942267332024447 1.2149290766289607 1.274544856091178
212 2120 -0.30090822511064996 -0.062059909208372024 0.11926537321110214 0.19233967001642369 0.699877525297985 0.8162102649457552 0.868770740939421 0.8977393426463772 0.9269821652340371 1.0009966573329316 1.0602518981811861 1.0942267332024447 1.2149290766289607 1.274544856091178
213 2130 -0.30090822511064996 -0.062059909208372024 0.11926537321110214 0.19233967001642369 0.699877525297985 0.8162102649457552 0.868770740939421 0.8977393426463772 0.9269821652340371 1.0009966573329316 1.0602518981811861 1.0942267332024447 1.2149290766289607 1.274544856091178
214 2140 -0.30090822511064996 -0.062059909208372024 0.11926537321110214 0.19233967001642369 0.699877525297985 0.8162102649457552 0.868770740939421 0.8977393426463772 0.9269821652340371 1.0009966573329316 1.0602518981811861 1.0942267332024447 1.2149290766289607 1.274544856091178
215 2150 -0.30090822511064996 -0.062059909208372024 0.11926537321110214 0.19233967001642369 0.699877525297985 0.8162102649457552 0.868770740939421 0.8977393426463772 0.9269821652340371 1.0009966573329316 1.0602518981811861 1.0942267332024447 1.2149290766289607 1.274544856091178
216 2160 -0.30090822511064996 -0.062059909208372024 0.11926537321110214 0.19233967001642369 0.699877525297985 0.8162102649457552 0.868770740939421 0.8977393426463772 0.9269821652340371 1.0009966573329316 1.0602518981811861 1.0942267332024447 1.2149290766289607 1.274544856091178
217 2170 -0.30090822511064996 -0.062059909208372024 0.11926537321110214 0.19233967001642369 0.699877525297985 0.8162102649457552 0.868770740939421 0.8977393426463772 0.9269821652340371 1.0009966573329316 1.0602518981811861 1.0942267332024447 1.2149290766289607 1.274544856091178
218 2180 -0.30090822511064996 -0.062059909208372024 0.11926537321110214 0.19233967001642369 0.699877525297985 0.8162102649457552 0.868770740939421 0.8977393426463772 0.9269821652340371 1.0009966573329316 1.0602518981811861 1.0942267332024447 1.2149290766289607 1.274544856091178
219 2190 -0.30090822511064996 -0.062059909208372024 0.11926537321110214 0.19233967001642369 0.699877525297985 0.8162102649457552 0.868770740939421 0.8977393426463772 0.9269821652340371 1.0009966573329316 1.0602518981811861 1.0942267332024447 1.2149290766289607 1.274544856091178
220 2200 -0.30090822511064996 -0.062059909208372024 0.11926537321110214 0.19233967001642369 0.699877525297985 0.8162102649457552 0.868770740939421 0.8977393426463772 0.9269821652340371 1.0009966573329316 1.0602518981811861 1.0942267332024447 1.2149290766289607 1.274544856091178
221 2210 -0.2438007571982057 -0.05352037085191406 0.09730558425896682 0.2013327735070784 0.7185393950656285 0.8357130337058266 0.8747051670982825 0.9049116420114462 0.9461851227361988 0.9770269529823145 1.0603309792078657 1.1205137595620258 1.1573624664529842 1.2775452833091843
222 2220 -0.2438007571982057 -0.05352037085191406 0.09730558425896682 0.2013327735070784 0.7185393950656285 0.8357130337058266 0.8747051670982825 0.9049116420114462 0.9461851227361988 0.9770269529823145 1.0603309792078657 1.1205137595620258 1.1573624664529842 1.2775452833091843
223 2230 -0.2438007571982057 -0.05352037085191406 0.09730558425896682 0.2013327735070784 0.7185393950656285 0.8357130337058266 0.8747051670982825 0.9049116420114462 0.9461851227361988 0.9770269529823145 1.0603309792078657 1.1205137595620258 1.1573624664529842 1.2775452833091843
224 2240 -0.2438007571982057 -0.05352037085191406 0.09730558425896682 0.2013327735070784 0.7185393950656285 0.8357130337058266 0.8747051670982825 0.9049116420114462 0.9461851227361988 0.9770269529823145 1.0603309792078657 1.1205137595620258 1.1573624664529842 1.2775452833091843
225 2250 -0.2438007571982057 -0.05352037085191406 0.09730558425896682 0.2013327735070784 0.7185393950656285 0.8357130337058266 0.8747051670982825 0.9049116420114462 0.9461851227361988 0.9770269529823145 1.0603309792078657 1.1205137595620258 1.1573624664529842 1.2775452833091843
226 2260 -0.2438007571982057 -0.05352037085191406 0.09730558425896682 0.2013327735070784 0.7185393950656285 0.8357130337058266 0.8747051670982825 0.9049116420114462 0.9461851227361988 0.9770269529823145 1.0603309792078657 1.1205137595620258 1.1573624664529842 1.2775452833091843
227 2270 -0.2438007571982057 -0.05352037085191406 0.09730558425896682 0.2013327735070784 0.7185393950656285 0.8357130337058266 0.8747051670982825 0.9049116420114462 0.9461851227361988 0.9770269529823145 1.0603309792078657 1.1205137595620258 1.1573624664529842 1.2775452833091843
228 2280 -0.2438007571982057 -0.05352037085191406 0.09730558425896682 0.2013327735070784 0.7185393950656285 0.8357130337058266 0.8747051670982825 0.9049116420114462 0.9461851227361988 0.9770269529823145 1.0603309792078657 1.1205137595620258 1.1573624664529842 1.2775452833091843
229 2290 -0.2438007571982057 -0.05352037085191406 0.09730558425896682 0.2013327735070784 0.7185393950656285 0.8357130337058266 0.8747051670982825 0.9049116420114462 0.9461851227361988 0.9770269529823145 1.0603309792078657 1.1205137595620258 1.1573624664529842 1.2775452833091843
230 2300 -0.2438007571982057 -0.05352037085191406 0.09730558425896682 0.2013327735070784 0.7185393950656285 0.8357130337058266 0.8747051670982825 0.9049116420114462 0.9461851227361988 0.9770269529823145 1.0603309792078657 1.1205137595620258 1.1573624664529842 1.2775452833091843
231 2310 -0.23748380444941128 -0.04849691052232688 0.0888050606678025 0.20613783816154252 0.7607535192464737 0.8410242658779784 0.8700367081261194 0.8884959097322619 0.9671306855619586 0.9827368425548318 1.076589618078203 1.1100537544614992 1.1471156949774266 1.2487157347367144
232 2320 -0.23748380444941128 -0.04849691052232688 0.0888050606678025 0.20613783816154252 0.7607535192464737 0.8410242658779784 0.8700367081261194 0.8884959097322619 0.9671306855619586 0.9827368425548318 1.076589618078203 1.1100537544614992 1.1471156949774266 1.2487157347367144
233 2330 -0.23748380444941128 -0.04849691052232688 0.0888050606678025 0.20613783816154252 0.7607535192464737 0.8410242658779784 0.8700367081261194 0.8884959097322619 0.9671306855619586 0.9827368425548318 1.076589618078203 1.1100537544614992 1.1471156949774266 1.2487157347367144
234 2340 -0.23748380444941128 -0.04849691052232688 0.0888050606678025 0.20613783816154252 0.7607535192464737 0.8410242658779784 0.8700367081261194 0.8884959097322619 0.9671306855619586 0.9827368425548318 1.076589618078203 1.1100537544614992 1.1471156949774266 1.2487157347367144
235 2350 -0.23748380444941128 -0.04849691052232688 0.0888050606678025 0.20613783816154252 0.7607535192464737 0.8410242658779784 0.8700367081261194 0.8884959097322619 0.9671306855619586 0.9827368425548318 1.076589618078203 1.1100537544614992 1.1471156949774266 1.2487157347367144
236 2360 -0.23748380444941128 -0.04849691052232688 0.0888050606678025 0.20613783816154252 0.7607535192464737 0.8410242658779784 0.8700367081261194 0.8884959097322619 0.9671306855619586 0.9827368425548318 1.076589618078203 1.1100537544614992 1.1471156949774266 1.2487157347367144
237 2370 -0.23748380444941128 -0.04849691052232688 0.0888050606678025 0.20613783816154252 0.7607535192464737 0.8410242658779784 0.8700367081261194 0.8884959097322619 0.9671306855619586 0.9827368425548318 1.076589618078203 1.1100537544614992 1.1471156949774266 1.2487157347367144
238 2380 -0.23748380444941128 -0.04849691052232688 0.0888050606678025 0.20613783816154252 0.7607535192464737 0.8410242658779784 0.8700367081261194 0.8884959097322619 0.9671306855619586 0.9827368425548318 1.076589618078203 1.1100537544614992 1.1471156949774266 1.2487157347367144
239 2390 -0.23748380444941128 -0.04849691052232688 0.0888050606678025 0.20613783816154252 0.7607535192464737 0.8410242658779784 0.8700367081261194 0.8884959097322619 0.9671306855619586 0.9827368425548318 1.076589618078203 1.1100537544614992 1.1471156949774266 1.2487157347367144
240 2400 -0.23748380444941128 -0.04849691052232688 0.0888050606678025 0.20613783816154252 0.7607535192464737 0.8410242658779784 0.8700367081261194 0.8884959097322619 0.9671306855619586 0.9827368425548318 1.076589618078203 1.1100537544614992 1.1471156949774266 1.2487157347367144
241 2410 -0.15227796045804126 -0.05118266225581661 0.12147907449097142 0.2629255518801775 0.7481250890086014 0.8467947475335322 0.8856172353312856 0.9271826517927775 0.9485275236812869 0.9793414798599334 1.0331567275534705 1.0570734482166355 1.1769071479805806 1.284725736687635
242 2420 -0.15227796045804126 -0.05118266225581661 0.12147907449097142 0.2629255518801775 0.7481250890086014 0.8467947475335322 0.8856172353312856 0.9271826517927775 0.9485275236812869 0.9793414798599334 1.0331567275534705 1.0570734482166355 1.1769071479805806 1.284725736687635
243 2430 -0.15227796045804126 -0.05118266225581661 0.12147907449097142 0.2629255518801775 0.7481250890086014 0.8467947475335322 0.8856172353312856 0.9271826517927775 0.9485275236812869 0.9793414798599334 1.0331567275534705 1.0570734482166355 1.1769071479805806 1.284725736687635
244 2440 -0.15227796045804126 -0.05118266225581661 0.12147907449097142 0.2629255518801775 0.7481250890086014 0.8467947475335322 0.8856172353312856 0.9271826517927775 0.9485275236812869 0.9793414798599334 1.0331567275534705 1.0570734482166355 1.1769071479805806 1.284725736687635
245 2450 -0.15227796045804126 -0.05118266225581661 0.12147907449097142 0.2629255518801775 0.7481250890086014 0.8467947475335322 0.8856172353312856 0.9271826517927775 0.9485275236812869 0.9793414798599334 1.0331567275534705 1.0570734482166355 1.1769071479805806 1.284725736687635
246 2460 -0.15227796045804126 -0.05118266225581661 0.12147907449097142 0.2629255518801775 0.7481250890086014 0.8467947475335322 0.8856172353312856 0.9271826517927775 0.9485275236812869 0.9793414798599334 1.0331567275534705 1.0570734482166355 1.1769071479805806 1.284725736687635
247 2470 -0.15227796045804126 -0.05118266225581661 0.12147907449097142 0.2629255518801775 0.7481250890086014 0.8467947475335322 0.8856172353312856 0.9271826517927775 0.9485275236812869 0.9793414798599334 1.0331567275534705 1.0570734482166355 1.1769071479805806 1.284725736687635
248 2480 -0.15227796045804126 -0.05118266225581661 0.12147907449097142 0.2629255518801775 0.7481250890086014 0.8467947475335322 0.8856172353312856 0.9271826517927775 0.9485275236812869 0.9793414798599334 1.0331567275534705 1.0570734482166355 1.1769071479805806 1.284725736687635
249 2490 -0.15227796045804126 -0.05118266225581661 0.12147907449097142 0.2629255518801775 0.7481250890086014 0.8467947475335322 0.8856172353312856 0.9271826517927775 0.9485275236812869 0.9793414798599334 1.0331567275534705 1.0570734482166355 1.1769071479805806 1.284725736687635
250 2500 -0.15227796045804126 -0.05118266225581661 0.12147907449097142 0.2629255518801775 0.7481250890086014 0.8467947475335322 0.8856172353312856 0.9271826517927775 0.9485275236812869 0.9793414798599334 1.0331567275534705 1.0570734482166355 1.1769071479805806 1.284725736687635
251 2510 -0.18924800006468284 -0.014893086582407062 0.10526581137348179 0.24086829742301077 0.7800994991535916 0.8100820888113722 0.8560436595451661 0.8965485728263258 0.9351067632418325 0.9862682506511139 1.0382122760686956 1.1163228398329035 1.141266236222957 1.3133552202527081
252 2520 -0.18924800006468284 -0.014893086582407062 0.10526581137348179 0.24086829742301077 0.7800994991535916 0.8100820888113722 0.8560436595451661 0.8965485728263258 0.9351067632418325 0.9862682506511139 1.0382122760686956 1.1163228398329035 1.141266236222957 1.3133552202527081
253 2530 -0.18924800006468284 -0.014893086582407062 0.10526581137348179 0.24086829742301077 0.7800994991535916 0.8100820888113722 0.8560436595451661 0.8965485728263258 0.9351067632418325 0.9862682506511139 1.0382122760686956 1.1163228398329035 1.141266236222957 1.3133552202527081
254 2540 -0.18924800006468284 -0.014893086582407062 0.10526581137348179 0.24086829742301077 0.7800994991535916 0.8100820888113722 0.8560436595451661 0.8965485728263258 0.9351067632418325 0.9862682506511139 1.0382122760686956 1.1163228398329035 1.141266236222957 1.3133552202527081
255 2550 -0.18924800006468284 -0.014893086582407062 0.10526581137348179 0.24086829742301077 0.7800994991535916 0.8100820888113722 0.8560436595451661 0.8965485728263258 0.9351067632418325 0.9862682506511139 1.0382122760686956 1.1163228398329035 1.141266236222957 1.3133552202527081
256 2560 -0.18924800006468284 -0.014893086582407062 0.10526581137348179 0.24086829742301077 0.7800994991535916 0.8100820888113722 0.8560436595451661 0.8965485728263258 0.9351067632418325 0.9862682506511139 1.0382122760686956 1.1163228398329035 1.141266236222957 1.3133552202527081
257 2570 -0.18924800006468284 -0.014893086582407062 0.10526581137348179 0.24086829742301077 0.7800994991535916 0.8100820888113722 0.8560436595451661 0.8965485728263258 0.9351067632418325 0.9862682506511139 1.0382122760686956 1.1163228398329035 1.141266236222957 1.3133552202527081
258 2580 -0.18924800006468284 -0.014893086582407062 0.10526581137348179 0.24086829742301077 0.7800994991535916 0.8100820888113722 0.8560436595451661 0.8965485728263258 0.9351067632418325 0.9862682506511139 1.0382122760686956 1.1163228398329035 1.141266236222957 1.3133552202527081
259 2590 -0.18924800006468284 -0.014893086582407062 0.10526581137348179 0.24086829742301077 0.7800994991535916 0.8100820888113722 0.8560436595451661 0.8965485728263258 0.9351067632418325 0.9862682506511139 1.0382122760686956 1.1163228398329035 1.141266236222957 1.3133552202527081
260 2600 -0.18924800006468284 -0.014893086582407062 0.10526581137348179 0.24086829742301077 0.7800994991535916 0.8100820888113722 0.8560436595451661 0.8965485728263258 0.9351067632418325 0.9862682506511139 1.0382122760686956 1.1163228398329035 1.141266236222957 1.3133552202527081
261 2610 -0.15065143100536244 -0.03268862301415566 0.10966940416338639 0.30490169141989 0.7346422471526028 0.8274711000281104 0.8438629940759611 0.8794665484294788 0.9543947265198489 0.9912926722773611 1.0440239654914567 1.1122620711734514 1.2085026233329959 1.2684258679661
262 2620 -0.15065143100536244 -0.03268862301415566 0.10966940416338639 0.30490169141989 0.7346422471526028 0.8274711000281104 0.8438629940759611 0.8794665484294788 0.9543947265198489 0.9912926722773611 1.0440239654914567 1.1122620711734514 1.2085026233329959 1.2684258679661
263 2630 -0.15065143100536244 -0.03268862301415566 0.10966940416338639 0.30490169141989 0.7346422471526028 0.8274711000281104 0.8438629940759611 0.8794665484294788 0.9543947265198489 0.9912926722773611 1.0440239654914567 1.1122620711734514 1.2085026233329959 1.2684258679661
264 2640 -0.15065143100536244 -0.03268862301415566 0.10966940416338639 0.30490169141989 0.7346422471526028 0.8274711000281104 0.8438629940759611 0.8794665484294788 0.9543947265198489 0.9912926722773611 1.0440239654914567 1.1122620711734514 1.2085026233329959 1.2684258679661
265 2650 -0.15065143100536244 -0.03268862301415566 0.10966940416338639 0.30490169141989 0.7346422471526028 0.8274711000281104 0.8438629940759611 0.8794665484294788 0.9543947265198489 0.9912926722773611 1.0440239654914567 1.1122620711734514 1.2085026233329959 1.2684258679661
266 2660 -0.15065143100536244 -0.03268862301415566 0.10966940416338639 0.30490169141989 0.7346422471526028 0.8274711000281104 0.8438629940759611 0.8794665484294788 0.9543947265198489 0.9912926722773611 1.0440239654914567 1.1122620711734514 1.2085026233329959 1.2684258679661
267 2670 -0.15065143100536244 -0.03268862301415566 0.10966940416338639 0.30490169141989 0.7346422471526028 0.8274711000281104 0.8438629940759611 0.8794665484294788 0.9543947265198489 0.9912926722773611 1.0440239654914567 1.1122620711734514 1.2085026233329959 1.2684258679661
268 2680 -0.15065143100536244 -0.03268862301415566 0.10966940416338639 0.30490169141989 0.7346422471526028 0.8274711000281104 0.8438629940759611 0.8794665484294788 0.9543947265198489 0.9912926722773611 1.0440239654914567 1.1122620711734514 1.2085026233329959 1.2684258679661
269 2690 -0.15065143100536244 -0.03268862301415566 0.10966940416338639 0.30490169141989 0.7346422471526028 0.8274711000281104 0.8438629940759611 0.8794665484294788 0.9543947265198489 0.9912926722773611 1.0440239654914567 1.1122620711734514 1.2085026233329959 1.2684258679661
270 2700 -0.15065143100536244 -0.03268862301415566 0.10966940416338639 0.30490169141989 0.7346422471526028 0.8274711000281104 0.8438629940759611 0.8794665484294788 0.9543947265198489 0.9912926722773611 1.0440239654914567 1.1122620711734514 1.2085026233329959 1.2684258679661
271 2710 -0.1930348617403248 -0.005314240235705256 0.16106904487966633 0.32295179043624356 0.7206170990212923 0.7894297871909272 0.8397848397406523 0.886529700424165 0.9166904796813727 0.9635658809832507 1.0111566560615797 1.1215116748129033 1.2185035724242492 1.353728297154935
272 2720 -0.1930348617403248 -0.005314240235705256 0.16106904487966633 0.32295179043624356 0.7206170990212923 0.7894297871909272 0.8397848397406523 0.886529700424165 0.9166904796813727 0.9635658809832507 1.0111566560615797 1.1215116748129033 1.2185035724242492 1.353728297154935
273 2730 -0.1930348617403248 -0.005314240235705256 0.16106904487966633 0.32295179043624356 0.7206170990212923 0.7894297871909272 0.8397848397406523 0.886529700424165 0.9166904796813727 0.9635658809832507 1.0111566560615797 1.1215116748129033 1.2185035724242492 1.353728297154935
274 2740 -0.1930348617403248 -0.005314240235705256 0.16106904487966633 0.32295179043624356 0.7206170990212923 0.7894297871909272 0.8397848397406523 0.886529700424165 0.9166904796813727 0.9635658809832507 1.0111566560615797 1.1215116748129033 1.2185035724242492 1.353728297154935
275 2750 -0.1930348617403248 -0.005314240235705256 0.16106904487966633 0.32295179043624356 0.7206170990212923 0.7894297871909272 0.8397848397406523 0.886529700424165 0.9166904796813727 0.9635658809832507 1.0111566560615797 1.1215116748129033 1.2185035724242492 1.353728297154935
276 2760 -0.1930348617403248 -0.005314240235705256 0.16106904487966633 0.32295179043624356 0.7206170990212923 0.7894297871909272 0.8397848397406523 0.886529700424165 0.9166904796813727 0.9635658809832507 1.0111566560615797 1.1215116748129033 1.2185035724242492 1.353728297154935
277 2770 -0.1930348617403248 -0.005314240235705256 0.16106904487966633 0.32295179043624356 0.7206170990212923 0.7894297871909272 0.8397848397406523 0.886529700424165 0.9166904796813727 0.9635658809832507 1.0111566560615797 1.1215116748129033 1.2185035724242492 1.353728297154935
278 2780 -0.1930348617403248 -0.005314240235705256 0.16106904487966633 0.32295179043624356 0.7206170990212923 0.7894297871909272 0.8397848397406523 0.886529700424165 0.9166904796813727 0.9635658809832507 1.0111566560615797 1.1215116748129033 1.2185035724242492 1.353728297154935
279 2790 -0.1930348617403248 -0.005314240235705256 0.16106904487966633 0.32295179043624356 0.7206170990212923 0.7894297871909272 0.8397848397406523 0.886529700424165 0.9166904796813727 0.9635658809832507 1.0111566560615797 1.1215116748129033 1.2185035724242492 1.353728297154935
280 2800 -0.1930348617403248 -0.005314240235705256 0.16106904487966633 0.32295179043624356 0.7206170990212923 0.7894297871909272 0.8397848397406523 0.886529700424165 0.9166904796813727 0.9635658809832507 1.0111566560615797 1.1215116748129033 1.2185035724242492 1.353728297154935
281 2810 -0.12356561897014344 0.019541702997257077 0.1270979157223415 0.26422846043283027 0.7441249101096533 0.8112336253615079 0.8266169244388132 0.8907172909628344 0.9726307132880482 0.9889792762676185 1.0320771191996359 1.1263186000654226 1.159788526573459 1.307106951450432
282 2820 -0.12356561897014344 0.019541702997257077 0.1270979157223415 0.26422846043283027 0.7441249101096533 0.8112336253615079 0.8266169244388132 0.8907172909628344 0.9726307132880482 0.9889792762676185 1.0320771191996359 1.1263186000654226 1.159788526573459 1.307106951450432
283 2830 -0.12356561897014344 0.019541702997257077 0.1270979157223415 0.26422846043283027 0.7441249101096533 0.8112336253615079 0.8266169244388132 0.8907172909628344 0.9726307132880482 0.9889792762676185 1.0320771191996359 1.1263186000654226 1.159788526573459 1.307106951450432
284 2840 -0.12356561897014344 0.019541702997257077 0.1270979157223415 0.26422846043283027 0.7441249101096533 0.8112336253615079 0.8266169244388132 0.8907172909628344 0.9726307132880482 0.9889792762676185 1.0320771191996359 1.1263186000654226 1.159788526573459 1.307106951450432
285 2850 -0.12356561897014344 0.019541702997257077 0.1270979157223415 0.26422846043283027 0.7441249101096533 0.8112336253615079 0.8266169244388132 0.8907172909628344 0.9726307132880482 0.9889792762676185 1.0320771191996359 1.1263186000654226 1.159788526573459 1.307106951450432
286 2860 -0.12356561897014344 0.019541702997257077 0.1270979157223415 0.26422846043283027 0.7441249101096533 0.8112336253615079 0.8266169244388132 0.8907172909628344 0.9726307132880482 0.9889792762676185 1.0320771191996359 1.1263186000654226 1.159788526573459 1.307106951450432
287 2870 -0.12356561897014344 0.019541702997257077 0.1270979157223415 0.26422846043283027 0.7441249101096533 0.8112336253615079 0.8266169244388132 0.8907172909628344 0.9726307132880482 0.9889792762676185 1.0320771191996359 1.1263186000654226 1.159788526573459 1.307106951450432
288 2880 -0.12356561897014344 0.019541702997257077 0.1270979157223415 0.26422846043283027 0.7441249101096533 0.8112336253615079 0.8266169244388132 0.8907172909628344 0.9726307132880482 0.9889792762676185 1.0320771191996359 1.1263186000654226 1.159788526573459 1.307106951450432
289 2890 -0.12356561897014344 0.019541702997257077 0.1270979157223415 0.26422846043283027 0.7441249101096533 0.8112336253615079 0.8266169244388132 0.8907172909628344 0.9726307132880482 0.9889792762676185 1.0320771191996359 1.1263186000654226 1.159788526573459 1.307106951450432
290 2900 -0.12356561897014344 0.019541702997257077 0.1270979157223415 0.26422846043283027 0.7441249101096533 0.8112336253615079 0.8266169244388132 0.8907172909628344 0.9726307132880482 0.9889792762676185 1.0320771191996359 1.1263186000654226 1.159788526573459 1.307106951450432
291 2910 -0.2299874734236781 -0.05510517712278874 0.12095348007110336 0.3418494543008613 0.7447323772715211 0.7847899555812857 0.8346588771617643 0.9051898841920092 0.9541184386033965 0.9852418327278746 1.0480729815861218 1.1048261692616208 1.1317137395415198 1.353712285927333
292 2920 -0.2299874734236781 -0.05510517712278874 0.12095348007110336 0.3418494543008613 0.7447323772715211 0.7847899555812857 0.8346588771617643 0.9051898841920092 0.9541184386033965 0.9852418327278746 1.0480729815861218 1.1048261692616208 1.1317137395415198 1.353712285927333
293 2930 -0.2299874734236781 -0.05510517712278874 0.12095348007110336 0.3418494543008613 0.7447323772715211 0.7847899555812857 0.8346588771617643 0.9051898841920092 0.9541184386033965 0.9852418327278746 1.0480729815861218 1.1048261692616208 1.1317137395415198 1.353712285927333
294 2940 -0.2299874734236781 -0.05510517712278874 0.12095348007110336 0.3418494543008613 0.7447323772715211 0.7847899555812857 0.8346588771617643 0.9051898841920092 0.9541184386033965 0.9852418327278746 1.0480729815861218 1.1048261692616208 1.1317137395415198 1.353712285927333
295 2950 -0.2299874734236781 -0.05510517712278874 0.12095348007110336 0.3418494543008613 0.7447323772715211 0.7847899555812857 0.8346588771617643 0.9051898841920092 0.9541184386033965 0.9852418327278746 1.0480729815861218 1.1048261692616208 1.1317137395415198 1.353712285927333
296 2960 -0.2299874734236781 -0.05510517712278874 0.12095348007110336 0.3418494543008613 0.7447323772715211 0.7847899555812857 0.8346588771617643 0.9051898841920092 0.9541184386033965 0.9852418327278746 1.0480729815861218 1.1048261692616208 1.1317137395415198 1.353712285927333
297 2970 -0.2299874734236781 -0.05510517712278874 0.12095348007110336 0.3418494543008613 0.7447323772715211 0.7847899555812857 0.8346588771617643 0.9051898841920092 0.9541184386033965 0.9852418327278746 1.0480729815861218 1.1048261692616208 1.1317137395415198 1.353712285927333
298 2980 -0.2299874734236781 -0.05510517712278874 0.12095348007110336 0.3418494543008613 0.7447323772715211 0.7847899555812857 0.8346588771617643 0.9051898841920092 0.9541184386033965 0.9852418327278746 1.0480729815861218 1.1048261692616208 1.1317137395415198 1.353712285927333
299 2990 -0.2299874734236781 -0.05510517712278874 0.12095348007110336 0.3418494543008613 0.7447323772715211 0.7847899555812857 0.8346588771617643 0.9051898841920092 0.9541184386033965 0.9852418327278746 1.0480729815861218 1.1048261692616208 1.1317137395415198 1.353712285927333
300 3000 -0.2299874734236781 -0.05510517712278874 0.12095348007110336 0.3418494543008613 0.7447323772715211 0.7847899555812857 0.8346588771617643 0.9051898841920092 0.9541184386033965 0.9852418327278746 1.0480729815861218 1.1048261692616208 1.1317137395415198 1.353712285927333
301 3010 -0.19265053691382922 -0.07325129361281815 0.13275738589472172 0.3966076422676969 0.7111030889946249 0.7500091432433683 0.8337837274730837 0.8981522996831297 0.9457130815903493 0.9986772747685102 1.019878972510366 1.0787392603359034 1.1574444166774618 1.4123410368469054
302 3020 -0.19265053691382922 -0.07325129361281815 0.13275738589472172 0.3966076422676969 0.7111030889946249 0.7500091432433683 0.8337837274730837 0.8981522996831297 0.9457130815903493 0.9986772747685102 1.019878972510366 1.0787392603359034 1.1574444166774618 1.4123410368469054
303 3030 -0.19265053691382922 -0.07325129361281815 0.13275738589472172 0.3966076422676969 0.7111030889946249 0.7500091432433683 0.8337837274730837 0.8981522996831297 0.9457130815903493 0.9986772747685102 1.019878972510366 1.0787392603359034 1.1574444166774618 1.4123410368469054
304 3040 -0.19265053691382922 -0.07325129361281815 0.13275738589472172 0.3966076422676969 0.7111030889946249 0.7500091432433683 0.8337837274730837 0.8981522996831297 0.9457130815903493 0.9986772747685102 1.019878972510366 1.0787392603359034 1.1574444166774618 1.4123410368469054
305 3050 -0.19265053691382922 -0.07325129361281815 0.13275738589472172 0.3966076422676969 0.7111030889946249 0.7500091432433683 0.8337837274730837 0.8981522996831297 0.9457130815903493 0.9986772747685102 1.019878972510366 1.0787392603359034 1.1574444166774618 1.4123410368469054
306 3060 -0.19265053691382922 -0.07325129361281815 0.13275738589472172 0.3966076422676969 0.7111030889946249 0.7500091432433683 0.8337837274730837 0.8981522996831297 0.9457130815903493 0.9986772747685102 1.019878972510366 1.0787392603359034 1.1574444166774618 1.4123410368469054
307 3070 -0.19265053691382922 -0.07325129361281815 0.13275738589472172 0.3966076422676969 0.7111030889946249 0.7500091432433683 0.8337837274730837 0.8981522996831297 0.9457130815903493 0.9986772747685102 1.019878972510366 1.0787392603359034 1.1574444166774618 1.4123410368469054
308 3080 -0.19265053691382922 -0.07325129361281815 0.13275738589472172 0.3966076422676969 0.7111030889946249 0.7500091432433683 0.8337837274730837 0.8981522996831297 0.9457130815903493 0.9986772747685102 1.019878972510366 1.0787392603359034 1.1574444166774618 1.4123410368469054
309 3090 -0.19265053691382922 -0.07325129361281815 0.13275738589472172 0.3966076422676969 0.7111030889946249 0.7500091432433683 0.8337837274730837 0.8981522996831297 0.9457130815903493 0.9986772747685102 1.019878972510366 1.0787392603359034 1.1574444166774618 1.4123410368469054
310 3100 -0.19265053691382922 -0.07325129361281815 0.13275738589472172 0.3966076422676969 0.7111030889946249 0.7500091432433683 0.8337837274730837 0.8981522996831297 0.9457130815903493 0.9986772747685102 1.019878972510366 1.0787392603359034 1.1574444166774618 1.4123410368469054
311 3110 -0.2957224049717522 -0.0726183851228687 0.13438642146006835 0.4229160195768808 0.66344808102642 0.6687903738362398 0.8213530720787217 0.8695186613863198 0.9256316278904778 0.9798054278566284 0.9967316060415409 1.1115497056129757 1.1526612299412324 1.519017895742367
312 3120 -0.2957224049717522 -0.0726183851228687 0.13438642146006835 0.4229160195768808 0.66344808102642 0.6687903738362398 0.8213530720787217 0.8695186613863198 0.9256316278904778 0.9798054278566284 0.9967316060415409 1.1115497056129757 1.1526612299412324 1.519017895742367
313 3130 -0.2957224049717522 -0.0726183851228687 0.13438642146006835 0.4229160195768808 0.66344808102642 0.6687903738362398 0.8213530720787217 0.8695186613863198 0.9256316278904778 0.9798054278566284 0.9967316060415409 1.1115497056129757 1.1526612299412324 1.519017895742367
313 3130 -0.2957224049717522 -0.0726183851228687 0.13438642146006835 0.4229160195768808 0.66344808102642 0.6687903738362398 0.8213530720787217 0.8695186613863198 0.9256316278904778 0.9798054278566284 0.9967316060415409 1.1115497056129757 1.1526612299412324 1.519017895742367
