% # columns="iteration, evaluation, sigma, max axis length,  min axis length, all principal axes lengths  (sorted square roots of eigenvalues of C)", seed=645506, Mon Mar  2 21:47:18 2026
1 10 0.4800788652200077 1.0000450010125153 1.0 1.0 1.0000050000125 1.00001000005 1.0000150001125006 1.0000200002000015 1.0000250003125026 1.0000300004500045 1.0000350006125072 1.0000400008000108 1.0000450010125153
2 20 0.49996694256663143 1.1159310123659711 0.9211786072341326 0.9211786072341326 0.9291052371361228 0.9828749919422528 0.9906346650265049 0.9959934363877563 1.0000621860158356 1.0005360887140806 1.008153010841306 1.031472993829538 1.1159310123659711
3 30 0.49748080578861986 1.195176013540387 0.9018098422873642 0.9018098422873642 0.9181641745890883 0.9324379985898413 0.968144164694709 0.988034708976666 0.9919121657721292 1.0105019869395466 1.0266011612718606 1.0404074086294182 1.195176013540387
4 40 0.5086707224691265 1.2224317471819008 0.8860458815936018 0.8860458815936018 0.9014573790636303 0.9300677014748179 0.9401062600140745 0.9937266661616267 0.9966786689283852 1.015252119005974 1.0234684917693326 1.045500054949889 1.2224317471819008
5 50 0.5150307488015825 1.2504540774787467 0.8602727271938112 0.8602727271938112 0.8849156614437653 0.9102227664230327 0.9366860042666457 0.9789397359866966 1.00417629475072 1.0129477034371734 1.0479178318509836 1.0769241660045457 1.2504540774787467
6 60 0.47058094927828775 1.308522358245134 0.8451593226631762 0.8451593226631762 0.8515630067372787 0.8892181836301244 0.9161711456321043 0.9792172509061097 0.9810986627751811 1.0104696633396475 1.0458988252594785 1.0700090271250409 1.308522358245134
7 70 0.48195261840346254 1.3090751824097095 0.8105865683916742 0.8105865683916742 0.8519855146291819 0.8735000957160489 0.910810327606941 0.9448575870498703 0.9772384337444349 1.0085506186806723 1.0463587175248543 1.0979406929063027 1.3090751824097095
8 80 0.4938335026948568 1.2882046617749932 0.7766149274066046 0.7766149274066046 0.8538134173779341 0.8676545491124221 0.9114542122371947 0.937497008851232 0.9470314011824543 1.010510184074993 1.0495312329411826 1.187545644820463 1.2882046617749932
9 90 0.4911916440103261 1.3013818162658704 0.7254614887058324 0.7254614887058324 0.8497719243547796 0.8749754660570094 0.8916290907549537 0.9264142455423632 0.9516866915200435 1.0148076020000136 1.0425585577272551 1.2535422309857314 1.3013818162658704
10 100 0.49444294567605424 1.2899811042487397 0.7138513789935628 0.7138513789935628 0.8473657779828677 0.8667114171359581 0.8919151223998288 0.9161146576524763 0.9450430808770501 1.0133302845043874 1.0396448027578697 1.247327581815808 1.2899811042487397
11 110 0.5158018266425775 1.272621303288442 0.7132595110262374 0.7132595110262374 0.8307709049371031 0.8682423906986242 0.894773221287814 0.9249347901726291 0.9618165796003573 1.0163116157280434 1.0270429599763975 1.227188762061571 1.272621303288442
12 120 0.5240620387292598 1.3241794233747066 0.7153543138762974 0.7153543138762974 0.8017540512520767 0.8553955464687939 0.8773232324017337 0.9297268628691275 0.9440640291131905 1.007306311914811 1.0262836011016212 1.2637387985231614 1.3241794233747066
13 130 0.5363455459725521 1.393846278545364 0.7015975130986393 0.7015975130986393 0.8072725049005647 0.8521250851035844 0.8675508840329632 0.904940341479937 0.9156090874387701 1.0056978437352027 1.051788483580389 1.261299900772529 1.393846278545364
14 140 0.5871739963969944 1.4324356975478685 0.6899562710207863 0.6899562710207863 0.7949840504772887 0.8470645029028921 0.8546092824644822 0.8948980044913941 0.9175520509883663 1.0202349642510007 1.0751643941585949 1.2591992134446846 1.4324356975478685
15 150 0.588172588524564 1.4487622446190056 0.6692330459135339 0.6692330459135339 0.794078724001495 0.8382229248267875 0.8548634510087701 0.8959659380524126 0.9226552275554422 1.0077984679091159 1.073962407579837 1.4024827926923664 1.4487622446190056
16 160 0.6049660115262401 1.4946329910173781 0.6630077833790674 0.6630077833790674 0.7995379658667947 0.8209575689150154 0.8425498324999148 0.8958420553226834 0.9278664541986456 0.9788023889490829 1.0617770447231236 1.4055797353448771 1.4946329910173781
17 170 0.5779402607251503 1.5198127084092128 0.6487051981444099 0.6487051981444099 0.8005475253439704 0.8080395659752652 0.8478770376559428 0.9096888634737912 0.9517340852067055 0.9678359793034452 1.0670543011082938 1.3608830825413876 1.5198127084092128
18 180 0.5660957550600916 1.5395397585659873 0.6130071049205683 0.6130071049205683 0.7971448711355439 0.8001133311700236 0.8151000221486631 0.9023803194332521 0.9450366990380438 0.9696519786834186 1.0616469900154877 1.40412460838472 1.5395397585659873
19 190 0.5383714732654906 1.4905038101708674 0.6251082032461597 0.6251082032461597 0.784053920243415 0.7997697897115402 0.8159741522754437 0.9073502115088161 0.9470414464871557 0.9703574280139874 1.0673796201378127 1.3944753314268785 1.4905038101708674
20 200 0.5299258799788349 1.445281770848686 0.625615113560658 0.625615113560658 0.7844292154940276 0.7876729580138785 0.8149426044444114 0.9151812219450844 0.9491259540967457 0.9548408649670848 1.0285265893306166 1.393594385400291 1.445281770848686
21 210 0.48009669594797716 1.4372301302035813 0.6352211867461816 0.6352211867461816 0.7810228409730119 0.787069765966585 0.8035275961254903 0.9083493908790817 0.9172883147844866 0.9464050584715286 1.037820553872058 1.361834533162143 1.4372301302035813
22 220 0.45006283500720357 1.4505530779360152 0.6377205541797811 0.6377205541797811 0.7654840961728578 0.7780020642050904 0.8030325958434824 0.8851241804614576 0.9143715615199144 0.9527372874415736 1.049030391238639 1.3151204664546026 1.4505530779360152
23 230 0.43911551394666254 1.4473416724590944 0.6340743347555441 0.6340743347555441 0.7336955723149468 0.771474560369412 0.8077048827302719 0.8823145872787712 0.9106517517830944 0.9486200179838719 1.0703368704727152 1.276572808761143 1.4473416724590944
24 240 0.40754412446287436 1.4460233323534928 0.5978338885355579 0.5978338885355579 0.7259497808205957 0.7882453772325304 0.809870605360676 0.8780285312171019 0.9262347428565777 0.951816938827401 1.0868286316274638 1.3072787851391983 1.4460233323534928
25 250 0.39705634272298085 1.491592641959031 0.5789983910059386 0.5789983910059386 0.7165420334551134 0.7803004441975913 0.7979755821341775 0.8602830607119015 0.9392066636856609 0.9620784254125861 1.0687524819489194 1.286814694960986 1.491592641959031
26 260 0.39758503497954945 1.535236125156042 0.5717648901493798 0.5717648901493798 0.7036814687125403 0.7663414311651865 0.7992606867925607 0.8389548664546362 0.9345355030107753 0.9665979828752364 1.05518010704087 1.2836351998330515 1.535236125156042
27 270 0.3885634834392323 1.5415362155863188 0.579684425532581 0.579684425532581 0.7142569891728777 0.7592166854330137 0.8190512228268648 0.8363340044514346 0.9195432440323769 0.9728507297908139 1.0419798439907935 1.2696452242634584 1.5415362155863188
28 280 0.39551381476042435 1.5435756057425982 0.5671397090156839 0.5671397090156839 0.7111768231747295 0.7313329908454842 0.8128084125935552 0.8260601154836664 0.9160530569267714 1.0002349647898796 1.0461620940159349 1.256879907735192 1.5435756057425982
29 290 0.3868035423554146 1.6199645856416325 0.5832496101237178 0.5832496101237178 0.6853751114224225 0.7169977196428234 0.7747257414325333 0.8210488823497312 0.9100191796023569 1.0069870433198218 1.0551135019689104 1.2837242664221544 1.6199645856416325
30 300 0.3848433106760687 1.6345642620532224 0.5822979585902869 0.5822979585902869 0.6764037097679128 0.7042815241071408 0.762650677139541 0.8240966733430256 0.9200308701294334 0.9886744892317231 1.0644931879825725 1.2729099685041398 1.6345642620532224
31 310 0.3564519670155198 1.6219337036472823 0.5846381496076524 0.5846381496076524 0.6781790127668688 0.6887968027470718 0.777949542036129 0.8167360917298779 0.9310769576821748 0.9802812115304111 1.0675895799016815 1.2536314733284646 1.6219337036472823
32 320 0.3252742266236788 1.5767801389283203 0.5832373558896211 0.5832373558896211 0.6712420400556592 0.6891254499182795 0.786379543090698 0.8089612464863294 0.914134375898982 0.9792184230281672 1.050915141943221 1.2284394106870529 1.5767801389283203
33 330 0.33776796677301485 1.5764629405014126 0.5752744075876246 0.5752744075876246 0.6699869990033978 0.6865791249975205 0.7810872580746114 0.8032547190537499 0.8916941268444638 0.9646830994519231 1.0513986532569664 1.2206715392608363 1.5764629405014126
34 340 0.3516752301829823 1.6409720006960793 0.5516677866585117 0.5516677866585117 0.6666114126941377 0.7119571533582632 0.7539818591087809 0.8217273807376183 0.8869432472715263 0.9605323442961096 1.0513951350588202 1.2305881065426834 1.6409720006960793
35 350 0.37439963890993383 1.6342254191959964 0.5326416845974934 0.5326416845974934 0.6581093752827312 0.7282218123761885 0.7556087044286024 0.8246778224556413 0.8687829527056492 0.9472909478120193 1.0338898815083832 1.2574920064113608 1.6342254191959964
36 360 0.3799221280797949 1.6401847932293696 0.5296574836346097 0.5296574836346097 0.642392116730399 0.7455010972614262 0.7633511015961415 0.8024286921854261 0.8627176510791317 0.9647041270506662 1.0437812528906756 1.2452799654289075 1.6401847932293696
37 370 0.3760923211171199 1.6489865271095228 0.5462124582560617 0.5462124582560617 0.6314102997902835 0.7299779155268723 0.7525152619971096 0.7965887953553764 0.8836314539606303 0.9600715439773149 1.01871044703722 1.2669198898246257 1.6489865271095228
38 380 0.3595329530519505 1.6539066969397305 0.5458237845261742 0.5458237845261742 0.6314539597205855 0.7103294586524456 0.7412290734379529 0.7865408632339872 0.8932917088561868 0.9651199167278461 1.0406946555205672 1.2507784750027877 1.6539066969397305
39 390 0.3457174956294718 1.6327910406340491 0.5305756138080457 0.5305756138080457 0.6288165337652121 0.6978898541528522 0.7276089508259607 0.7833370363037795 0.9167290877224131 0.9642804293716365 1.0408769066137833 1.2556825616763456 1.6327910406340491
40 400 0.3404631193838712 1.5566889245489355 0.5432341534330691 0.5432341534330691 0.6295447144130906 0.6962341976505023 0.7292946819094464 0.7807328865211671 0.8959311180464138 0.9292369129071264 1.063658775551434 1.267458633790456 1.5566889245489355
41 410 0.3464361244905597 1.561379738581765 0.535044871249308 0.535044871249308 0.6154166765521453 0.6853870312247947 0.7271454913240849 0.7925930131626063 0.8817308734995926 0.9317220898944237 1.0810930189114827 1.2652043216158226 1.561379738581765
42 420 0.34552018078372604 1.5731911421719076 0.5351806297023538 0.5351806297023538 0.6087586079243205 0.6746927770029313 0.726427056782874 0.7914408550954372 0.869428624632037 0.9701165324029587 1.0802320046477945 1.2373227304815213 1.5731911421719076
43 430 0.3628794537271063 1.5734690117888084 0.5267641158647697 0.5267641158647697 0.6074197443702771 0.6765544513025131 0.731491095094138 0.7908150884947978 0.8674385095864207 0.9284715211046176 1.073760994621182 1.2340452198429313 1.5734690117888084
44 440 0.3843820791597681 1.6341436705073968 0.5158786468524695 0.5158786468524695 0.5931597627048857 0.6647799825495774 0.7326745108376661 0.8222435731742255 0.8505491549603219 0.9365881734988218 1.0848971830045904 1.2357832928593147 1.6341436705073968
45 450 0.398938518868072 1.7177363271309563 0.5089069683583164 0.5089069683583164 0.5861641473940249 0.6659429962820801 0.7253260296096798 0.8058913497778019 0.8436633939327097 0.9358977743016464 1.0664351492537434 1.2612854724396865 1.7177363271309563
46 460 0.37977793211568034 1.7400629045264409 0.5022218610740863 0.5022218610740863 0.5939166764830083 0.6640431522728061 0.7371485959927611 0.8085717878081108 0.8451849769272877 0.9198830192416357 1.0669554554994063 1.2329194521664637 1.7400629045264409
47 470 0.3481217527255215 1.7485048597558674 0.499830900268495 0.499830900268495 0.5925245703559455 0.660098447006916 0.7408317077284847 0.8048588547681074 0.8500523862074899 0.9128328011450805 1.048039663213907 1.221024272112807 1.7485048597558674
48 480 0.353775026496912 1.7326436004651544 0.4925352366578354 0.4925352366578354 0.5893591655259661 0.6462974395328318 0.731551052120328 0.8009866372275187 0.8542014987037865 0.9133950610655798 1.0663513663748405 1.2074678928302738 1.7326436004651544
49 490 0.36356523662114176 1.7353500303782157 0.48336828931353987 0.48336828931353987 0.5874646508757861 0.6356605508055124 0.7163812821823363 0.7961878804786624 0.9082671726102405 0.9144497918981574 1.0502523065193767 1.2187897538568322 1.7353500303782157
50 500 0.37744078737690784 1.7200937973929793 0.49071609199062677 0.49071609199062677 0.5896720440810219 0.6327547704707838 0.7082052561174605 0.7947119278981246 0.8968531766276676 0.9456351592831851 1.054198737622931 1.169700785119668 1.7200937973929793
51 510 0.3856116089469459 1.6810379963334177 0.4985732727467406 0.4985732727467406 0.5828872403752654 0.6242568107549088 0.7124569503701637 0.7822822588436089 0.8936044028784453 0.9456563568395104 1.0852381066429448 1.1728366580331577 1.6810379963334177
52 520 0.39893007630737687 1.633280222315023 0.49801760986727905 0.49801760986727905 0.5905068964397175 0.6239873011110394 0.7050043983332329 0.7754748920388848 0.8900737745771743 0.9604933281389775 1.1028461367131914 1.1262287326313936 1.633280222315023
53 530 0.3897349150505961 1.6169502914316507 0.510727600269973 0.510727600269973 0.5878751816188296 0.5979646796656193 0.7042004627541166 0.778943176739593 0.8939798472555889 0.9779891885153738 1.0493985904991467 1.1363853650721263 1.6169502914316507
54 540 0.3681147641014659 1.6004924308965485 0.4990334371684458 0.4990334371684458 0.5771196305525444 0.5973017515250629 0.7073839483644614 0.7705894753690257 0.8841550614196556 0.9696803410261837 1.025061769898627 1.1280208448236422 1.6004924308965485
55 550 0.3387988644118328 1.57276158254664 0.5062210174030779 0.5062210174030779 0.5776057209219418 0.5937536342291845 0.7088821627779874 0.7529030131356542 0.8679874764719302 0.9272964682385629 1.0320701681640432 1.1216449510682123 1.57276158254664
56 560 0.3236014862246292 1.5861929046235972 0.5107610290570171 0.5107610290570171 0.5705647236198375 0.5787281154028656 0.697546884553726 0.7384649608741437 0.869716090981033 0.9304863018638123 1.0242540623942402 1.1470808023600165 1.5861929046235972
57 570 0.32386631591865334 1.5230908442118758 0.5036932252965627 0.5036932252965627 0.564187782769748 0.5739971265355548 0.686760185861864 0.7523217539503971 0.875913517208696 0.9132784714312516 1.0131715604594453 1.1427319759441812 1.5230908442118758
58 580 0.3131178148648371 1.5606761866732244 0.5039877317060952 0.5039877317060952 0.5452715238823419 0.5709529251537326 0.6882928807983381 0.7460863588561287 0.8539449772846344 0.9400529281802296 1.0042309403797922 1.1472279466080144 1.5606761866732244
59 590 0.3113224896805835 1.514052228880909 0.47650761671930797 0.47650761671930797 0.5443925099249165 0.5698730409386424 0.687776964598944 0.744786282095034 0.8514849773033148 0.9512118856908057 1.0038746321651624 1.1399892014045916 1.514052228880909
60 600 0.2901684998130447 1.5194525317885583 0.4811272525972455 0.4811272525972455 0.5408258920708892 0.5779076319137517 0.6766806136218666 0.743626093414441 0.834661749745555 0.9616333158526077 0.9755981288747813 1.1216678327267167 1.5194525317885583
61 610 0.2905237968240333 1.4778922460774055 0.47429552625521415 0.47429552625521415 0.5449909398034298 0.5749721155039603 0.6715730752694435 0.7391894044380052 0.8368058192776945 0.9478089266022478 0.9601033586520888 1.1132631117362624 1.4778922460774055
62 620 0.2780006682871693 1.4983505824704484 0.4729290332284551 0.4729290332284551 0.5434709990836913 0.5710956607669598 0.6855937574425514 0.7391769620037909 0.8418747313368387 0.9147939421560887 0.9481437290829152 1.09423709026693 1.4983505824704484
63 630 0.26048295637867236 1.462729344227127 0.46853338780755516 0.46853338780755516 0.5385481764498098 0.5739316692029578 0.6993459716638639 0.7255184051342821 0.808737626625448 0.9108910989783071 0.9418212181698339 1.0893753686268395 1.462729344227127
64 640 0.2392443690497756 1.4035427934996363 0.4596356698155068 0.4596356698155068 0.5356917112544601 0.5650944142306028 0.696398559622773 0.709737360739777 0.8118872125191453 0.9301231526871916 0.9472714751960742 1.0765311703900948 1.4035427934996363
65 650 0.22765307861345438 1.4036401394012612 0.4481918647014252 0.4481918647014252 0.5223151395139093 0.5694055626284109 0.6980895000517623 0.7038015158144307 0.8187044260308749 0.8859152202092284 0.9369969597504954 1.0866785871128242 1.4036401394012612
66 660 0.22293887268936202 1.3716698264473801 0.44345593464678607 0.44345593464678607 0.5104963674869532 0.574631150744328 0.6854953552436688 0.6977787919181795 0.8266512504703702 0.8651993672085115 0.9418400936691361 1.0844872629823752 1.3716698264473801
67 670 0.22544785463940867 1.3734862337145077 0.44329358531193047 0.44329358531193047 0.5081906211357287 0.5876108569878042 0.6824387132875014 0.7079336634132654 0.8056732992042919 0.866754590673798 0.9139085800797289 1.057437768088752 1.3734862337145077
68 680 0.201841201702205 1.3963045267358027 0.42701958760946346 0.42701958760946346 0.5069496375294001 0.5860486764868668 0.6970620231749691 0.7093871224057494 0.7905383922504315 0.8410651774819025 0.8988763684380596 1.0454886293004462 1.3963045267358027
69 690 0.1860118149047998 1.3408713874089297 0.43593739497824247 0.43593739497824247 0.5094749711982823 0.5875332435374188 0.6747320131243792 0.694367582803971 0.7750575006984496 0.8365315823166546 0.8969465979978347 1.0420530765773868 1.3408713874089297
70 700 0.17260229618864656 1.3380974965502141 0.4253766045203267 0.4253766045203267 0.4981910935858996 0.5965728297032667 0.6675274425829232 0.694118894137227 0.7332835584332497 0.8396565710998529 0.8940125717265442 1.0384546504466179 1.3380974965502141
71 710 0.15893189229221633 1.3434240256220535 0.41368164041979066 0.41368164041979066 0.496840862978964 0.5943418179633243 0.6615719008949942 0.6823364433863971 0.7365111705234655 0.8295235940239369 0.8701278339976583 1.0413231024072906 1.3434240256220535
72 720 0.1484772832236584 1.3386240822794355 0.4082012420160576 0.4082012420160576 0.49754067838207633 0.5769798773854672 0.6550114628953374 0.6584645015037913 0.7294822181549859 0.8489888750993538 0.8710472897663127 1.0191162936150555 1.3386240822794355
73 730 0.14530947741722303 1.3072202912295545 0.4085034599944432 0.4085034599944432 0.4850089115830341 0.5715799856196886 0.6420108404921544 0.6543014873761857 0.7202282064122809 0.844163693081625 0.8747163453406904 1.0314885896243906 1.3072202912295545
74 740 0.13789930912813447 1.2975328366799894 0.4025433366171957 0.4025433366171957 0.4837774283740521 0.5587603135928924 0.6413214416513741 0.6509117206189803 0.7431494750099644 0.8396453915058074 0.8805791111451743 0.9871755129060005 1.2975328366799894
75 750 0.13641960642882747 1.282371324414291 0.4117900522561325 0.4117900522561325 0.4804508913107137 0.5560181638291171 0.6295426549057355 0.6428426428919284 0.7494615561675895 0.8084704722446389 0.8827288879088739 0.9650786054924902 1.282371324414291
76 760 0.13235117423922768 1.2549567221328235 0.42321709297135846 0.42321709297135846 0.48842591478785324 0.5605228009664023 0.5975405415762608 0.6376843277890607 0.7431852682903444 0.7947178598154553 0.8902081161741081 0.9406636161347032 1.2549567221328235
77 770 0.12163189838942404 1.2437255226244985 0.4180165265153793 0.4180165265153793 0.4926021707301264 0.5491783789512418 0.5897135593114746 0.623331015849242 0.7328532530602988 0.7958085879495751 0.8863912410625482 0.9306096181278621 1.2437255226244985
78 780 0.11774205955579897 1.2109349251165253 0.4171518970558199 0.4171518970558199 0.48075349808224227 0.5490974186049384 0.5923794621073132 0.6120372020285286 0.7284349374057952 0.7800195434182855 0.8903297823233848 0.9212199217931317 1.2109349251165253
79 790 0.10469206102878012 1.181262197029824 0.4171381847428846 0.4171381847428846 0.4770258335705056 0.542712425668323 0.5932565485671366 0.617873411236165 0.7081199719847815 0.7716393207511377 0.9119629413224881 0.9167303493509501 1.181262197029824
80 800 0.09488349284946597 1.1592063806199668 0.40857153832283266 0.40857153832283266 0.46514463255666677 0.5308177777784006 0.5863288237293811 0.6097956313031158 0.7029858505305182 0.7614787624779775 0.904909369065127 0.9201042692122456 1.1592063806199668
81 810 0.08892198804239866 1.1295861916302314 0.40073054513185413 0.40073054513185413 0.4675675161347701 0.5075367026868776 0.5822293003826918 0.6040309493170846 0.6952021582051882 0.7630539210291786 0.9031250108988593 0.9347833793207532 1.1295861916302314
82 820 0.08587062992453723 1.0927800652862598 0.4015860835143761 0.4015860835143761 0.4643851325313287 0.5079353770776737 0.5777907591886529 0.5913760286847097 0.7051346916870022 0.7572639463188361 0.8895841726840925 0.9338580547218518 1.0927800652862598
83 830 0.0831572636335671 1.0568732849003657 0.3947262592264058 0.3947262592264058 0.46177030517442336 0.5038153285270128 0.5899885096315766 0.6001982528776697 0.693876777063975 0.7470188451151761 0.8929572096038099 0.9169735514947028 1.0568732849003657
84 840 0.08476168008327069 1.0452743037541643 0.39459544233558547 0.39459544233558547 0.45397571606178616 0.5076854676560424 0.5827801928685229 0.5995239018553128 0.680854664605147 0.7323953296405472 0.8948602139051868 0.923554316562932 1.0452743037541643
85 850 0.08188566338798323 1.0289329919273065 0.389899147950468 0.389899147950468 0.45302750576548256 0.5083668726601637 0.5882363577844698 0.632067122573918 0.6745213920953176 0.7306709563555942 0.8661987189466259 0.9216034578111717 1.0289329919273065
86 860 0.07904659891537236 1.0083193097574237 0.3855374560314692 0.3855374560314692 0.4446280845701396 0.5102577439459081 0.5869312156774172 0.6212289004967043 0.6768858523716781 0.7101259861068483 0.8479590064307048 0.915684051251138 1.0083193097574237
87 870 0.0741126585156768 0.9875105323165708 0.38145668077160516 0.38145668077160516 0.430131663352918 0.5161972194247145 0.5835990351561364 0.6397725534854337 0.6680099656482635 0.6950236776490476 0.8525017538145331 0.9129074900174643 0.9875105323165708
88 880 0.0728122702209664 0.9843202354455618 0.3750576141187479 0.3750576141187479 0.429692336823859 0.5174901301437459 0.5823191044752098 0.6425923845056682 0.6486204195262358 0.6763895635496768 0.8347558334702078 0.9026836896997633 0.9843202354455618
89 890 0.07362037888738861 0.9741162917452558 0.3780459650187805 0.3780459650187805 0.4266397952813674 0.5239208671975715 0.5775212813816955 0.6433662352469126 0.6467315353656554 0.6671467715404017 0.8125128950354169 0.8710954997415385 0.9741162917452558
90 900 0.07448451435737637 0.9655625537731768 0.38239572219722673 0.38239572219722673 0.43668656121516713 0.5208836064196151 0.574208420269669 0.6127483408576707 0.6509992664047417 0.6759107472503183 0.7979978739912735 0.8728093016067048 0.9655625537731768
91 910 0.07539092726004559 0.9706356292730349 0.3896706955997601 0.3896706955997601 0.4475990249701803 0.5130629355132084 0.5500743736680368 0.6200754755037953 0.6319349428479213 0.6958139244972994 0.7906363751181296 0.861479850158851 0.9706356292730349
92 920 0.06860847910861341 0.9367644682015065 0.3942182096812186 0.3942182096812186 0.45010217880210723 0.516769877845929 0.548682405307661 0.6073252901260934 0.6421448648510163 0.6926471513129343 0.7740152230673646 0.8587880697522706 0.9367644682015065
93 930 0.0644714285077421 0.9082423283778156 0.3887877341185228 0.3887877341185228 0.44738466958660483 0.5001541206111211 0.5541912543888359 0.5817160047404771 0.6445188616449357 0.6859608734450912 0.7709556788935009 0.8521025937055409 0.9082423283778156
94 940 0.05940907305058524 0.8970207800168488 0.3965935177693704 0.3965935177693704 0.4485980912273088 0.4990181378686318 0.5508116942768019 0.5761192085304012 0.6237991096633027 0.6659384510178816 0.7648105305091032 0.8422834818031032 0.8970207800168488
95 950 0.056384378952113595 0.8737487071506637 0.39425132499119325 0.39425132499119325 0.4509374864968392 0.4953642707034087 0.5408127626329234 0.5714931405770335 0.6184782809133093 0.6676585653112977 0.7457358118512629 0.8357317279110145 0.8737487071506637
96 960 0.0512841533520717 0.8763539865161689 0.39408824869769293 0.39408824869769293 0.44921792798200705 0.4918487015668583 0.5358086749474847 0.5661371609903314 0.6211419538734041 0.6562279208317274 0.7213558943755924 0.8292681305156847 0.8763539865161689
97 970 0.04639216673753475 0.8601187223792893 0.3938935837829726 0.3938935837829726 0.4409003683088155 0.4802339400697445 0.5246590938113297 0.5588837979057124 0.6234790181852508 0.6491056199328018 0.7104006725667713 0.8300971195745717 0.8601187223792893
98 980 0.04334896842610715 0.8420242607258945 0.3908395602726998 0.3908395602726998 0.43183741282741445 0.4653495851980255 0.5245393506003654 0.5561360551617864 0.6159034229435015 0.6517775367442991 0.7110664120492864 0.8150351116214205 0.8420242607258945
99 990 0.038823111117633376 0.8234487464325233 0.3944678748031806 0.3944678748031806 0.4355551788632434 0.46315327474581697 0.5243307466961388 0.551396716783031 0.6023079172464364 0.6366196384682391 0.708856060657935 0.798830333703198 0.8234487464325233
100 1000 0.036097332258968065 0.8207628058089264 0.38819445251979656 0.38819445251979656 0.4307386451403616 0.4594496069908517 0.5057123176505411 0.5461703158687737 0.5943951226177453 0.6455619872528899 0.6896143832076437 0.7923009169094902 0.8207628058089264
101 1010 0.03366091658285252 0.8080258762494499 0.38523244209043644 0.38523244209043644 0.4246596015332386 0.4592092573448273 0.49985413415207425 0.5491671487998502 0.5862188965325017 0.6608664644997307 0.6999193076245734 0.7401125278260089 0.8080258762494499
102 1020 0.030130902550210104 0.8098019370286265 0.3840782766129846 0.3840782766129846 0.41975323497457095 0.46395329573927324 0.4921921411330902 0.5252391355666074 0.5855480253468758 0.6611550064591898 0.6849588134311673 0.7357670898453986 0.8098019370286265
103 1030 0.027224997568431285 0.7956155320996522 0.37896308944473933 0.37896308944473933 0.4205204433348278 0.4596003018468278 0.4924956698125451 0.516009034295887 0.5783885605510928 0.6296474795398618 0.6746022764633323 0.7444608091038584 0.7956155320996522
104 1040 0.025177089524837683 0.7905337858665225 0.3843766131274848 0.3843766131274848 0.40242340093964446 0.4564796426581835 0.486268168258975 0.5121098544132908 0.5712864305299045 0.6214291735005432 0.6823148432711906 0.7357493685742101 0.7905337858665225
105 1050 0.023630952893497707 0.7655503409696697 0.38154352360782207 0.38154352360782207 0.3996663709005142 0.4492168802627363 0.4742483391331892 0.5059585072417635 0.5674514548602699 0.6236071837555912 0.6861154014449383 0.7327147120310964 0.7655503409696697
106 1060 0.021365082203374585 0.7628973923837765 0.38426922309312556 0.38426922309312556 0.39856595066144296 0.4461131543286142 0.46650495451294516 0.49887016095241044 0.5614253201603902 0.62815422453234 0.6768307102725508 0.7236768407694094 0.7628973923837765
107 1070 0.01916245694992059 0.7640785661763523 0.37746567588775143 0.37746567588775143 0.390602150886886 0.4360070597983763 0.4570287579921243 0.49512512138295034 0.5559128825927828 0.6101380465435806 0.6786417334606403 0.7116121033555053 0.7640785661763523
108 1080 0.01786753062618219 0.755196793981966 0.37476379947555927 0.37476379947555927 0.39128078904890323 0.42832288316378314 0.4398312326658694 0.49004923151268565 0.5473107497180224 0.6056797997438722 0.6720096950388841 0.7089714593261445 0.755196793981966
109 1090 0.017445613952363787 0.7491094270626704 0.37082898375404727 0.37082898375404727 0.3841561074809297 0.419624507417121 0.4435169478441793 0.47955641957844636 0.5436057780192664 0.599801636219445 0.6609478110428889 0.7062432001133913 0.7491094270626704
110 1100 0.01639706641075742 0.7437289787161753 0.36476491481707196 0.36476491481707196 0.3784773528335793 0.417909678080035 0.447479540876217 0.48158514886890047 0.534909120477748 0.5915394324017111 0.65545710495901 0.69354181120142 0.7437289787161753
111 1110 0.0158451161856506 0.7284430692746904 0.3617449207702394 0.3617449207702394 0.3672426744113316 0.4183546968584262 0.44268645137873974 0.48247336031666915 0.5327029141855989 0.5857514870767846 0.6527072276905155 0.6991286510877425 0.7284430692746904
112 1120 0.014574256079169286 0.7130281756937437 0.35528997703570164 0.35528997703570164 0.37522415256872 0.4132417018198766 0.45238247070926174 0.47896814467371485 0.5303933091352564 0.5829910038067593 0.6413623543079666 0.6800112509751692 0.7130281756937437
113 1130 0.013862253821930064 0.7217263361474833 0.3521716014349749 0.3521716014349749 0.37776527345309996 0.4121442295536705 0.45210352577966095 0.47351032464449466 0.5109305567415382 0.587693517384652 0.6099353123381972 0.6796450199382197 0.7217263361474833
114 1140 0.01314474162381401 0.7177514228952521 0.34768788886144675 0.34768788886144675 0.37412404174386615 0.4042285138343475 0.46190086690008864 0.475600240016625 0.5064494329321443 0.5794407302000881 0.598092819928127 0.6792748774411728 0.7177514228952521
115 1150 0.012229371499118798 0.7186189276731538 0.3368240600489951 0.3368240600489951 0.3748463951790278 0.39983395032090735 0.4470991765645807 0.47951924848463306 0.500615088777962 0.5832416505674783 0.5904827821904339 0.6746452271866827 0.7186189276731538
116 1160 0.010828387642428272 0.7141568693784962 0.326311773014255 0.326311773014255 0.3696430815356791 0.3959283894257105 0.45206532484262796 0.47284110474241725 0.5092628950781464 0.5642357046738639 0.5959740267034336 0.6743224942385324 0.7141568693784962
117 1170 0.010164333850526034 0.6981132196181212 0.3207122567480751 0.3207122567480751 0.3714654290230752 0.38848040494378716 0.44105757557227526 0.4592068824685674 0.5058044089237387 0.563301559501322 0.5920954132710451 0.6679221103961562 0.6981132196181212
118 1180 0.009682158714435745 0.685610098643816 0.3151888180701046 0.3151888180701046 0.36727943874293983 0.3889638055771005 0.438737195945472 0.45564683404827105 0.5110401873153216 0.5565256748014802 0.591467301866261 0.6401689987141846 0.685610098643816
119 1190 0.010295135538751237 0.6789315592548177 0.3109272385491065 0.3109272385491065 0.3692236948310641 0.39030853096963203 0.4429235251738385 0.45326871804688534 0.5065145131798295 0.5489679839567864 0.5808410056552439 0.6321846331357417 0.6789315592548177
120 1200 0.01016718999661049 0.6733181805265943 0.3108869147396358 0.3108869147396358 0.3667104967952496 0.38923599249669083 0.43659394431740045 0.46333121679513917 0.5109127180028618 0.5536843757527491 0.587409203590626 0.6198609318293449 0.6733181805265943
121 1210 0.00983344837613777 0.6594946078340512 0.305277466932283 0.305277466932283 0.37215189547245764 0.38279492784221064 0.44107740300990084 0.4496784957235228 0.5167143590835112 0.5540671030438755 0.5842452114686555 0.6162331460302843 0.6594946078340512
122 1220 0.00906845748884359 0.6579328864402632 0.30441049603736964 0.30441049603736964 0.3679409595204084 0.38016970176576587 0.44134842509397887 0.45494201884510366 0.512920527897107 0.5434410017113108 0.576778460279798 0.6026214480405947 0.6579328864402632
123 1230 0.008780152173408915 0.6561662564929556 0.3103298489715043 0.3103298489715043 0.3622399294570506 0.3708782249672964 0.4337426063291914 0.4568633174768331 0.5044098765631404 0.5461842940362127 0.5706519561092576 0.5915774884377901 0.6561662564929556
124 1240 0.008339427115634634 0.6321050542399468 0.3111864215198205 0.3111864215198205 0.3585149958933088 0.3690212883467799 0.43047481485486677 0.45866918839820126 0.4986685231021894 0.5347173504082948 0.565853484308939 0.5874120653548537 0.6321050542399468
125 1250 0.00830550571832067 0.6349644249695644 0.3018881040643767 0.3018881040643767 0.35145203998439134 0.3645067926425871 0.43703088656976197 0.461442645720756 0.49936873920327357 0.5173452093247357 0.5678879868901717 0.5777212238356998 0.6349644249695644
126 1260 0.00781195461273939 0.6414944041303742 0.31580179854072077 0.31580179854072077 0.35125353219071204 0.36920852099478596 0.42222989666739985 0.45156135095981 0.49253668425177555 0.5201472935869401 0.5614344875811126 0.5682827019421606 0.6414944041303742
127 1270 0.007475474145703064 0.6324220008212945 0.31659716547030964 0.31659716547030964 0.3536316965167502 0.3623786484291349 0.42192176232889644 0.4484961842301758 0.47637615613919987 0.5105517814170771 0.5450638527675434 0.5706180017876107 0.6324220008212945
128 1280 0.006840026315625043 0.6303299661153281 0.3141690595176302 0.3141690595176302 0.3579633998233367 0.3636544214778916 0.4152782441855947 0.45274124585523823 0.4758559266571658 0.49609958691182315 0.545418615898892 0.5546703442615744 0.6303299661153281
129 1290 0.00644054186614845 0.6252346021670512 0.3081054071657752 0.3081054071657752 0.35935292651729384 0.363501116814152 0.400521061233103 0.4401271732732732 0.4718974173958609 0.5002156628615084 0.5397465599234772 0.5494589391663834 0.6252346021670512
130 1300 0.006335090996168353 0.6254224521507118 0.3090059984235308 0.3090059984235308 0.3601758852381184 0.36578022959055534 0.3954286505549602 0.42805247249126827 0.46680422913820513 0.48238567438632834 0.5279109885519765 0.5508334311457623 0.6254224521507118
131 1310 0.005713791291066415 0.6162644202109857 0.30230197642244167 0.30230197642244167 0.3607400294198306 0.37492278614123614 0.40460784919090104 0.4288649532557332 0.46203062517549126 0.4652443125571488 0.521933930617251 0.5499514658658546 0.6162644202109857
132 1320 0.005208099497621817 0.5897604111765715 0.30423595094706357 0.30423595094706357 0.34895973074648945 0.37543126236550645 0.40247217818389003 0.4251430145930406 0.45798709331557325 0.46786421738695577 0.5140206744609728 0.5436965964343917 0.5897604111765715
133 1330 0.004991479100957094 0.5880338099020264 0.30017286014182276 0.30017286014182276 0.3469554098421882 0.37709644082955673 0.3909165471852901 0.4227531407743991 0.4493719257760185 0.46593396821634664 0.4955164723177174 0.5447456688694802 0.5880338099020264
134 1340 0.004573125759585198 0.5542796957491778 0.29537127866321683 0.29537127866321683 0.3460030838896228 0.3784602143955136 0.39074076378249567 0.4262824056447911 0.44679458722551435 0.4604537055426382 0.4934622623249587 0.5417903197135249 0.5542796957491778
135 1350 0.004457715914529905 0.5557624711121699 0.294753707983542 0.294753707983542 0.34367506301257417 0.36628315203105755 0.38016533871829694 0.42261158952129235 0.44356558174241767 0.45564283284810236 0.48464121921317227 0.5468752347291213 0.5557624711121699
136 1360 0.0043991553999088075 0.5544877259145911 0.2915938727522656 0.2915938727522656 0.3486206376483486 0.3657417022160086 0.36825587931904596 0.41846349615390516 0.4465298217878512 0.4562238876962067 0.4828943438577349 0.5283373747757152 0.5544877259145911
137 1370 0.0041418111606202354 0.546779215640378 0.28931254124695427 0.28931254124695427 0.35516188421343325 0.36282681970018704 0.37083169531634275 0.4122229769147209 0.4445716344409929 0.45440577087355355 0.48656290164572824 0.5076680746584264 0.546779215640378
138 1380 0.0038871179094695733 0.538261983748526 0.2858058839023179 0.2858058839023179 0.34201337052838077 0.35819807532721665 0.3712865942520715 0.41204440122926617 0.4370489476053391 0.4537787533968251 0.48348215475181155 0.5077222815231863 0.538261983748526
139 1390 0.003511503645837846 0.5390000023063646 0.27910783912759973 0.27910783912759973 0.33557192258730817 0.3468211116048214 0.37114938080293264 0.4063760688417515 0.4213044187262036 0.4596068217788691 0.4922828735793312 0.5108754145011739 0.5390000023063646
140 1400 0.003123902561850783 0.5435408697841551 0.26870501682891024 0.26870501682891024 0.32546007242496305 0.34272780678169346 0.3714661826118269 0.39832930845998066 0.41816364454471106 0.4578173958858647 0.48875387524974634 0.5102181226338072 0.5435408697841551
141 1410 0.002823258293713585 0.5437340937857615 0.2680878851056667 0.2680878851056667 0.3251957805328813 0.3365952952430059 0.35307866019158857 0.39251395396513533 0.42086336904999877 0.4606941113308583 0.4705863401248573 0.5158028071686277 0.5437340937857615
142 1420 0.002507183881464284 0.5528309982358485 0.2690358851259813 0.2690358851259813 0.31458760619348725 0.33123949201957026 0.34383182712469607 0.38678547265940794 0.4114367280348358 0.45671177709412814 0.47254193166207814 0.5142587264468411 0.5528309982358485
143 1430 0.0022552030162748147 0.5526334172908796 0.2648176131143823 0.2648176131143823 0.2995192399128705 0.3308640446850547 0.33781532587572155 0.3869695873948982 0.4092449796674612 0.44303679198133383 0.48483816260430374 0.5061210340773533 0.5526334172908796
144 1440 0.0021224750558268097 0.5346226776649993 0.2603188256460771 0.2603188256460771 0.29707951114853004 0.3280501295164327 0.33499184199758325 0.3839398208189914 0.4086573840375432 0.43600915503597704 0.4776589975626322 0.4986966953371934 0.5346226776649993
145 1450 0.0019190042596456958 0.523908505957048 0.25400264965590363 0.25400264965590363 0.29638933761787717 0.3315318996411151 0.33745897194129215 0.383383935455539 0.4003654466009556 0.43631729867279684 0.47509840829093425 0.47917894560668245 0.523908505957048
146 1460 0.0017379429795085816 0.533536339568247 0.2513897093477609 0.2513897093477609 0.28416645739228213 0.3229558238094503 0.3390836574585603 0.37621292363939085 0.3947781007859934 0.43304818168344456 0.4668154149832612 0.47529613591595 0.533536339568247
147 1470 0.0016372449893905553 0.5271590397758587 0.24955839087573797 0.24955839087573797 0.2808280535409018 0.3309309671370398 0.33767921864485395 0.3686722037770845 0.38929676753833137 0.424543371970976 0.45732462792864265 0.47666627150168217 0.5271590397758587
148 1480 0.001463880377908471 0.5136497712652076 0.24755577380617724 0.24755577380617724 0.2840952294771838 0.32134707914310506 0.3362622576327998 0.36709128188418966 0.3902867632700028 0.4225925932724732 0.4443371705343883 0.46674642264267346 0.5136497712652076
149 1490 0.001259627568923871 0.5086750393652666 0.24641817107970893 0.24641817107970893 0.2821439464286313 0.31760682328711387 0.3251167211242795 0.36452233915724247 0.3828313401276658 0.4178942805991161 0.44209351840723476 0.4569725504275996 0.5086750393652666
150 1500 0.0011356865885203324 0.5055068158084322 0.2398340152141379 0.2398340152141379 0.28120047948747773 0.3169602199630122 0.32062259506832747 0.35128614313042195 0.3774920889573777 0.4177034619855091 0.4335619070198142 0.45053239006059614 0.5055068158084322
151 1510 0.0010855939523351744 0.49215870533176603 0.24078285383776155 0.24078285383776155 0.2813825108493553 0.31064826838229137 0.31594744765994875 0.3486120471117115 0.3808984004638405 0.4115274972858857 0.4285080610748087 0.4412626968654639 0.49215870533176603
152 1520 0.0010194897295721355 0.48035576488626236 0.24303859929837057 0.24303859929837057 0.2887976215165963 0.3104992266538899 0.31269958515129087 0.3453413390116171 0.36758685441369626 0.40183316957637205 0.42607198473319574 0.43416583438744005 0.48035576488626236
153 1530 0.0009719378199532378 0.4674059381241434 0.2553414117797888 0.2553414117797888 0.28676427864464277 0.3068458477107539 0.3138322944087792 0.33916789683984583 0.3608674252807405 0.40095737960547 0.41896689267903153 0.43129650483974774 0.4674059381241434
154 1540 0.0009539800816295327 0.4574389339824147 0.2518637644420348 0.2518637644420348 0.283152119408994 0.307568296217966 0.3207618037139349 0.3308024187132076 0.35661913627246683 0.3940584462081036 0.41498237456190556 0.4194029373441924 0.4574389339824147
155 1550 0.0009147325888224052 0.4569814291053695 0.2426322545185234 0.2426322545185234 0.2808992390546944 0.3025376887478051 0.31922671313440054 0.3360830662433289 0.3600960096099555 0.38786812505645574 0.40978820462361665 0.42561877736015297 0.4569814291053695
156 1560 0.0008180255727458232 0.45419124995995197 0.24854801431887077 0.24854801431887077 0.28214966881742104 0.29762398723013966 0.31493504544780415 0.3225444564883401 0.3600565312615764 0.3836370242119498 0.39948409508141053 0.42500604428391864 0.45419124995995197
157 1570 0.0007581437383009746 0.44953256682050025 0.243748220145653 0.243748220145653 0.27636993135481447 0.2883302691235082 0.30932922548195896 0.32161731066943144 0.3578154684475623 0.38136297761621996 0.3942484118153983 0.4238784472923919 0.44953256682050025
158 1580 0.0007273731950220441 0.44825000907594487 0.2436729046363191 0.2436729046363191 0.27896144448076 0.2795383942608326 0.3129049042415014 0.3204079485871458 0.35417184243603983 0.3739779409544388 0.389541078159044 0.42284495276651407 0.44825000907594487
159 1590 0.0006583177728186648 0.4462302050458543 0.2323794132272973 0.2323794132272973 0.2706992827945646 0.28023781734699943 0.3051725571853606 0.32811133619201016 0.3531871264050776 0.37430695540071557 0.3888963878567372 0.4243695174268128 0.4462302050458543
160 1600 0.0005817193540566759 0.4417962990796233 0.22886582500645217 0.22886582500645217 0.2735079851596148 0.27581422911720505 0.29346728960741236 0.3275015986558675 0.3501259659681198 0.3726766975179534 0.38540188103037815 0.420968899947078 0.4417962990796233
161 1610 0.0005534661717916664 0.44246741363691294 0.22612665044838576 0.22612665044838576 0.25723833309055266 0.27591233184170555 0.29143325452649377 0.32456531618317586 0.3478539625531356 0.36737511421946095 0.37776747593147914 0.41447761418942664 0.44246741363691294
162 1620 0.0005043108585206785 0.43609924664997307 0.22873620257479246 0.22873620257479246 0.2506061630563513 0.2725486580182599 0.2944594670033165 0.3206736405742046 0.34265153695253225 0.36179472633492454 0.37680630911838586 0.4118035808889789 0.43609924664997307
163 1630 0.00047642806413069255 0.43369516802102265 0.22691219047983827 0.22691219047983827 0.24809119297686016 0.26545216755906953 0.293041122975079 0.31358394434880177 0.341584661606724 0.360615114419741 0.3692297601808683 0.40870989318575873 0.43369516802102265
164 1640 0.0004617180557005486 0.43491695018560333 0.22909768957935053 0.22909768957935053 0.24937393061571994 0.2696463799449456 0.28144417925011994 0.3135551005076968 0.33784778321129083 0.3565785376272986 0.3631022789175164 0.40343002133119205 0.43491695018560333
165 1650 0.0004762124525875679 0.43577463506943004 0.22785233961119378 0.22785233961119378 0.24981085922640284 0.2680898150972221 0.28411447551166563 0.3035227088563952 0.325559395242821 0.35850459266915724 0.3723490599644057 0.3913653913772448 0.43577463506943004
166 1660 0.00043756637671290395 0.43599487298810696 0.22685741124461017 0.22685741124461017 0.24825958000254672 0.2715672219393403 0.29703982768662957 0.3063242535178596 0.3267851915259049 0.3479495837459695 0.35749073325166875 0.38304805607139425 0.43599487298810696
167 1670 0.00041258899402044487 0.4381330335562025 0.22114208178520908 0.22114208178520908 0.24757135676608868 0.26789705812000497 0.29292184976757674 0.3084576015503935 0.3252178072643668 0.3378312989511297 0.35136808812656334 0.3737771099331118 0.4381330335562025
168 1680 0.00036375979418398915 0.4359796484885368 0.21828791402428932 0.21828791402428932 0.24932105902181792 0.266310970613771 0.29223952819068777 0.3053728133943634 0.3278832828770118 0.3318045795882075 0.3414515141888936 0.36998694986593106 0.4359796484885368
169 1690 0.0003301318006355997 0.4295947449797337 0.21786790008034246 0.21786790008034246 0.2483123616712946 0.2605803318639426 0.2831764760246425 0.3028210636401509 0.3183704735709459 0.3282469309088603 0.3416855302077624 0.3690432545722997 0.4295947449797337
170 1700 0.0002996265011509067 0.4258515478796408 0.21450573372831686 0.21450573372831686 0.24613869276657788 0.2572479497859452 0.277975413415383 0.3001278625272878 0.31279962048478366 0.3253285820578388 0.3390273599890276 0.36932471027737096 0.4258515478796408
171 1710 0.0002988486223574117 0.4098822714454976 0.21419290338878733 0.21419290338878733 0.24545531574378734 0.2514993125603999 0.2773129673199482 0.29999437939602225 0.3140584385108555 0.32622176036878425 0.3339266260341278 0.3643830759906437 0.4098822714454976
172 1720 0.00028623948181987 0.4078088506485322 0.21713612506371308 0.21713612506371308 0.23950734902243231 0.2526235796847118 0.27158099802232544 0.2938509584452038 0.30923140118539494 0.32993165427580395 0.3358077239678645 0.36573661224609805 0.4078088506485322
173 1730 0.00026954690922425124 0.41632432828119004 0.21645220613467117 0.21645220613467117 0.23264409861112567 0.2556007674882617 0.27166718626548375 0.2883163957080327 0.29517922164455723 0.3310231020499212 0.33662150280792796 0.36665919719880846 0.41632432828119004
174 1740 0.00023520499089489102 0.41876415201318085 0.2126564714137956 0.2126564714137956 0.23209824692870912 0.2546304274423795 0.27013475506382756 0.27698862436228755 0.2998991191150217 0.32701319063440704 0.32833139386303 0.36431499112103244 0.41876415201318085
175 1750 0.00021596338702732206 0.40576583414977135 0.21227349654483194 0.21227349654483194 0.23209409491540853 0.24908600802508665 0.2675731257096475 0.27377070026407757 0.29400485462946346 0.3169207842063417 0.32518510848867654 0.36273673852629945 0.40576583414977135
176 1760 0.0002036650926560453 0.3920605259205691 0.21296818230789893 0.21296818230789893 0.22915053143354297 0.24524975435654614 0.2624819801263959 0.27945203656911294 0.2913510475208288 0.3087121093472461 0.32575621213454214 0.36297754984006464 0.3920605259205691
177 1770 0.00019705707360917528 0.391923628035644 0.21387572987438 0.21387572987438 0.22263996641382736 0.2437677752514303 0.2583582758832853 0.27847019917284593 0.2924796743609913 0.30118138074431505 0.32515713339255725 0.36240397335422153 0.391923628035644
178 1780 0.0002040850429362799 0.3889440341153452 0.21103792540329636 0.21103792540329636 0.21924473657903853 0.24300004406278403 0.2553545567378742 0.2786832151540482 0.296033223266457 0.30302636428248997 0.3260933429182181 0.3591090502096605 0.3889440341153452
179 1790 0.0002026710592391312 0.37573337152563885 0.21014121486636025 0.21014121486636025 0.22232965094778578 0.24219810856345853 0.24577732368652463 0.27579181877029996 0.2955599085104158 0.3059214425959976 0.3324806257495366 0.3558300841597334 0.37573337152563885
180 1800 0.00020157221375061775 0.36529052079915453 0.20647190208006905 0.20647190208006905 0.2215615442716305 0.237287747721145 0.2472318718307002 0.28297734367405936 0.29148437964388874 0.3050416714574012 0.3332471569730843 0.34751663456296134 0.36529052079915453
181 1810 0.00019963171035964684 0.3499070056858362 0.20346627395229339 0.20346627395229339 0.22152304681001542 0.2342461169751553 0.25288741369164786 0.27884588519160197 0.29298247176049974 0.3141154917000869 0.3344647212703014 0.3388617604097164 0.3499070056858362
182 1820 0.00020240524759851882 0.3490002767815606 0.20462909890943498 0.20462909890943498 0.22599945237301575 0.23334467677752008 0.24969670538619626 0.2778695531238957 0.29577075158076693 0.31028868759152367 0.3269507564123785 0.33136971561667833 0.3490002767815606
183 1830 0.00019669672873927444 0.3412134855973944 0.200641107079104 0.200641107079104 0.22619836075203414 0.22928828365483334 0.2528854567615837 0.2823986922922582 0.29611562716093226 0.31148473015195227 0.3148652712073443 0.3385893411796439 0.3412134855973944
184 1840 0.00018862976405402713 0.3546528163940706 0.19931333412991864 0.19931333412991864 0.2124592633097965 0.22954644373734628 0.2555047655603782 0.2805331956263989 0.29342778057365176 0.30415336465744014 0.3087717486473107 0.34081041546219165 0.3546528163940706
185 1850 0.00017909302922342754 0.3532165683522464 0.1963618818849897 0.1963618818849897 0.20880902075495378 0.2257103648747084 0.2575609554659897 0.27136370662639403 0.2909365862978592 0.30664516124648816 0.3172581556297936 0.3420470792288763 0.3532165683522464
186 1860 0.00016402172424102745 0.34684891310548677 0.19621044494482434 0.19621044494482434 0.2042903948223692 0.2258647534085122 0.2518103872650857 0.27437172090588063 0.2939887445475711 0.30690909185775817 0.3182182776841926 0.33196269835625936 0.34684891310548677
187 1870 0.00015082455149300578 0.3417828592287833 0.18855888526463696 0.18855888526463696 0.2041373012254892 0.22306320272772423 0.24247950811814908 0.2748686482972685 0.2948642680064612 0.30699472409203316 0.3101124222372993 0.33422019234790823 0.3417828592287833
188 1880 0.000140021946809681 0.3363539221622705 0.18537206992585537 0.18537206992585537 0.1943775838006712 0.2228148672159058 0.24274408314931678 0.28063508460937825 0.29498515311320517 0.3038430525775553 0.30940184415788774 0.3313260793982712 0.3363539221622705
189 1890 0.00012893500970419198 0.3361653349963879 0.1864342926094805 0.1864342926094805 0.19173623283034225 0.214826303536346 0.23840231015750032 0.2810668889725788 0.29310497682006026 0.2939229499534651 0.31276194146289443 0.32661007321914837 0.3361653349963879
190 1900 0.0001161753272041591 0.33177210867197465 0.1858923459703538 0.1858923459703538 0.19371745159247675 0.21249075191711292 0.2354120441084505 0.27688432857735806 0.2829159815045458 0.2970356075805204 0.30779397079830406 0.3188666886148689 0.33177210867197465
191 1910 0.00010645119148441818 0.3320149487799497 0.18737943808412397 0.18737943808412397 0.19152372553055508 0.20680491001423768 0.23490779620908092 0.27563722392289697 0.28336922718463686 0.28492098406294386 0.3058035858801572 0.316026351006068 0.3320149487799497
192 1920 9.919971819020857e-05 0.31886229012018474 0.18594164346409736 0.18594164346409736 0.1925951274165771 0.20628323178171296 0.2282406914751698 0.2729658333905459 0.2831979680179989 0.2838552422638693 0.3052153211806618 0.30861350137116894 0.31886229012018474
193 1930 8.851055125555317e-05 0.3216719183408996 0.18393700560173581 0.18393700560173581 0.18750985029710385 0.205340513865208 0.2297311261951468 0.260924420513297 0.2775321713671119 0.2859374231704831 0.3009367813126968 0.30873626893503103 0.3216719183408996
194 1940 7.619507290395383e-05 0.32478318074504764 0.18218434920951618 0.18218434920951618 0.18902317317486517 0.2021103562672026 0.22368653511571243 0.259611730710939 0.27310726175109984 0.2787791405502443 0.29288680119589783 0.31099478565846006 0.32478318074504764
195 1950 6.816901583330916e-05 0.3276323804580411 0.17835959285430056 0.17835959285430056 0.18723123045485085 0.1953522978384658 0.22042346689428383 0.25736345941591093 0.2719618101965475 0.2727022370288608 0.29386564671044124 0.31028796129618047 0.3276323804580411
196 1960 6.424016536183899e-05 0.32181525333509303 0.17821401291853198 0.17821401291853198 0.18317163720655075 0.1945477745991367 0.21336817395878963 0.25547780382389124 0.2674296288129683 0.27039916195939123 0.29171550273777985 0.3086037298841237 0.32181525333509303
197 1970 6.097854164773673e-05 0.3183214186768094 0.1782370449020586 0.1782370449020586 0.18603953964731115 0.18992144292834942 0.2121928108049877 0.2531166466829147 0.26744707160910713 0.2740081733050965 0.28182177070715075 0.3058634350703022 0.3183214186768094
198 1980 5.9741893453272875e-05 0.31495944512567375 0.17589999978079246 0.17589999978079246 0.1861072121957721 0.19340796400110596 0.2125181312013057 0.25062418911140466 0.26214217029843684 0.2639593241088986 0.2787789965027936 0.30414065058923395 0.31495944512567375
199 1990 5.5070180009621934e-05 0.3104367834459087 0.17568501690322832 0.17568501690322832 0.18761568478780608 0.1932828835678055 0.21009775647490694 0.24959093862457774 0.25984782349736363 0.26542469267082264 0.2741029213340312 0.2992615374913218 0.3104367834459087
200 2000 5.168389310043595e-05 0.3061260316400333 0.17388332853682892 0.17388332853682892 0.18687121015110114 0.18929375912827096 0.20778154915279068 0.2484218213773999 0.250073879455749 0.2658400348747752 0.27205662908382733 0.2953204163919204 0.3061260316400333
201 2010 4.8177212671192936e-05 0.3017653485097342 0.1700380548011967 0.1700380548011967 0.18545803649680462 0.19086697291861435 0.20750403222077604 0.24270953378857688 0.2507138514404626 0.2627733232804625 0.2696124134255562 0.2909127871055131 0.3017653485097342
202 2020 4.5041115300364225e-05 0.2976218067604288 0.1647099406142718 0.1647099406142718 0.18356223615068595 0.19380401026249114 0.20274406232973882 0.23877649328131137 0.25057550994785804 0.2589990355069961 0.2704850030528621 0.28190490501697807 0.2976218067604288
203 2030 4.071154457670273e-05 0.2989457810685775 0.16561934285409827 0.16561934285409827 0.18045736543100072 0.189695820578192 0.2050582102761063 0.23344559410240553 0.2459201183060027 0.2560293895901162 0.2649094816727748 0.28078180948200465 0.2989457810685775
204 2040 4.000152812196841e-05 0.2966135570792276 0.167637686038869 0.167637686038869 0.1750847906070558 0.1866040354116757 0.20600246330927363 0.2267956959011188 0.24316833239459254 0.2541505253510852 0.26008753527920564 0.2742208643431269 0.2966135570792276
205 2050 3.885799056127971e-05 0.2990563929513601 0.16210591942999197 0.16210591942999197 0.17420099923730945 0.19070795111716282 0.20475463234420735 0.22234971977601006 0.2448677915008422 0.2544896845977179 0.2611372687538302 0.26371365629004484 0.2990563929513601
206 2060 3.703275712395447e-05 0.29472109533519597 0.15877284231394168 0.15877284231394168 0.17438918022640876 0.1878831092199678 0.2026843995001154 0.21970733493140437 0.239017477744076 0.25414302919738313 0.2607309849529701 0.26996335115334597 0.29472109533519597
207 2070 3.4627560670942635e-05 0.29236296936665696 0.1563644015139424 0.1563644015139424 0.17349308875191402 0.18851210947266334 0.2025222071139092 0.21497548398515648 0.233305361641755 0.24975997307623457 0.25513418537225707 0.26857346781420394 0.29236296936665696
208 2080 3.2594946649115704e-05 0.2913401057319638 0.15156776808766254 0.15156776808766254 0.1697720156520452 0.18646046426569743 0.20025096594178873 0.2146387103652957 0.23096869742989357 0.24495862857085418 0.2535431415970218 0.2726667765668974 0.2913401057319638
209 2090 3.2340457521838326e-05 0.29224125117438715 0.15195233027655017 0.15195233027655017 0.17038020962418854 0.1838297938027628 0.20012269267470975 0.21296249209629542 0.22915956354375167 0.23646431778115654 0.2609765805983056 0.26780654992042274 0.29224125117438715
210 2100 3.06270101369878e-05 0.29422280646628934 0.16053867865106125 0.16053867865106125 0.169785845869609 0.17936642567288294 0.20052282254154033 0.20897296168256746 0.22598204034796857 0.23608335637793346 0.25585573809569895 0.26619286162231864 0.29422280646628934
211 2110 2.6689982457591736e-05 0.2903296960896351 0.15917875389836927 0.15917875389836927 0.17145303792491728 0.1797671111995087 0.20026036197927174 0.20223364321205706 0.22696472897032466 0.2369306642300903 0.24605306395628634 0.2630411362031201 0.2903296960896351
212 2120 2.47641142432717e-05 0.2902047939867535 0.15580697986888212 0.15580697986888212 0.169547268914213 0.17729264558141347 0.19311147932206735 0.20038463240383267 0.22130227459554055 0.2306425945440711 0.2445580140525318 0.261279131184699 0.2902047939867535
213 2130 2.3840415561212322e-05 0.28543679868563443 0.15303364695223604 0.15303364695223604 0.16310749709447125 0.17766811835381136 0.19024741032543757 0.1995877358308219 0.2206528173838725 0.23096531870336026 0.24074787792284916 0.26310242435904313 0.28543679868563443
214 2140 2.24158811657484e-05 0.28361580854762475 0.15347868400995862 0.15347868400995862 0.16536438973249618 0.17448387135656845 0.187733276436589 0.1936279318923466 0.21454540652287346 0.2304312559564817 0.24196251161222507 0.26462205459098376 0.28361580854762475
215 2150 2.159601980551826e-05 0.29046587864472345 0.151262297473689 0.151262297473689 0.16289961905348527 0.1737465461911859 0.19000255836715282 0.1979620790115685 0.21368796940935228 0.22955567667042298 0.23446510704780546 0.2570889958837085 0.29046587864472345
216 2160 2.0260361558925854e-05 0.29178817586470546 0.15015361610790365 0.15015361610790365 0.16330260321550338 0.1695762599282183 0.18686774346895946 0.1992325396863299 0.21196155961553811 0.2227354181264695 0.24195808762094567 0.25353828930581074 0.29178817586470546
217 2170 1.9110495798902603e-05 0.2873216629772452 0.14911266751842725 0.14911266751842725 0.16182015368977484 0.16982047569681216 0.18829189178285372 0.1966362165592884 0.20924805465519017 0.22171060362025616 0.23886145655602883 0.2523619728497887 0.2873216629772452
218 2180 1.819201791356662e-05 0.28576895292418825 0.14457031544662516 0.14457031544662516 0.16408301997002164 0.1703598429908469 0.18700670896192229 0.19362991422393025 0.20754727555820035 0.2156611330104676 0.239127210385496 0.2491684859668481 0.28576895292418825
219 2190 1.7648752369012267e-05 0.28007249663888956 0.14224545813156433 0.14224545813156433 0.16409103714837128 0.1667861888766826 0.18558590327305538 0.1927655653571351 0.20713252333368173 0.2134170102474715 0.23416645856557605 0.250686161292478 0.28007249663888956
220 2200 1.6042210343113644e-05 0.2740529268055886 0.14546517194667477 0.14546517194667477 0.1601503243746248 0.16729747697820496 0.18106767512700045 0.20067870627497 0.20777020272944555 0.20822240087752725 0.2324903223045144 0.2470352965398087 0.2740529268055886
221 2210 1.503530974388158e-05 0.2735631130734203 0.14347439325568342 0.14347439325568342 0.1612356273062136 0.1652558725974638 0.18001347120901975 0.19695712176981128 0.2035463170863674 0.20737900389860486 0.23101239137051421 0.24380456275626167 0.2735631130734203
222 2220 1.368066047006069e-05 0.2690324793856981 0.14228260906592288 0.14228260906592288 0.1608956919319292 0.1708771590570159 0.17876879523557077 0.19189869070305599 0.20515143891157156 0.20680694550938186 0.22560870003061237 0.23655443315943928 0.2690324793856981
223 2230 1.2688814605173056e-05 0.2673429124409526 0.14145295322355392 0.14145295322355392 0.1587441775706734 0.1639507944980208 0.17886914223444964 0.19208482388268122 0.2015491207949475 0.20835049444233605 0.219821903224458 0.23903143599979382 0.2673429124409526
224 2240 1.2162063307056896e-05 0.2592081847256645 0.14011654457141806 0.14011654457141806 0.15714762434019663 0.1649558537795117 0.17837440507803434 0.19191284413846943 0.19454817443525735 0.2111306255119011 0.21832219715667966 0.23746976932441996 0.2592081847256645
225 2250 1.146267425022181e-05 0.2568134580555714 0.13989058757257686 0.13989058757257686 0.15599846980528287 0.16493569246970785 0.17796330169820107 0.18934802782242405 0.19456111844131357 0.20532836572785987 0.21950505099968567 0.24079109833496967 0.2568134580555714
226 2260 1.0739403787067539e-05 0.2528733089986982 0.14024580800164257 0.14024580800164257 0.15402069317987502 0.16836942953860265 0.17736064088675446 0.18618552723752593 0.19078234564720867 0.20435179010325177 0.21728139356348364 0.229327390090371 0.2528733089986982
227 2270 1.0033947223028831e-05 0.24889651900408863 0.13532775984421722 0.13532775984421722 0.15213720630242789 0.1676839031603567 0.1726873138986874 0.18669315503295786 0.19530576973275102 0.20562517105181086 0.21424847281208567 0.22650612596516792 0.24889651900408863
228 2280 9.322660756247716e-06 0.24358452641147949 0.13480254595723332 0.13480254595723332 0.15114117336213606 0.16684949027316057 0.16997354642294607 0.18561585883074472 0.19531094529058862 0.20390190100646804 0.2119141078312824 0.22102552761486027 0.24358452641147949
229 2290 8.655556002075473e-06 0.24668132250962574 0.1357993961053863 0.1357993961053863 0.14777591657624184 0.1629477337087965 0.16678291873768877 0.1871236807671114 0.19016953203939346 0.20048274438681735 0.21042002289693854 0.2172752908132391 0.24668132250962574
230 2300 7.690270646054158e-06 0.2453918377794582 0.1290884875714533 0.1290884875714533 0.14842873271243723 0.16253264282814958 0.16694934070332626 0.18581303328803372 0.1899270334130894 0.1993172738738823 0.20820920479987576 0.2140667210347099 0.2453918377794582
231 2310 7.411430316125854e-06 0.2418722739740093 0.12795958589618123 0.12795958589618123 0.14624436574644178 0.16051239466867495 0.16690698554042147 0.1820339717626007 0.18657867999883862 0.1978784874362553 0.20745592772464655 0.21171983645511477 0.2418722739740093
232 2320 7.376964738446339e-06 0.2361216042168007 0.13194446505598548 0.13194446505598548 0.14526100784396528 0.15751328388803806 0.16563782257140283 0.18369529274176427 0.1845718825202746 0.19147227819666732 0.20568525790633718 0.21149523130134373 0.2361216042168007
233 2330 7.270288472114541e-06 0.23680927775700855 0.13176965853329792 0.13176965853329792 0.14433315388421744 0.15788677675531115 0.16326928825251677 0.18201925273197828 0.18381900530773435 0.18788492319222508 0.20268934228702365 0.20942032957046885 0.23680927775700855
234 2340 6.648562162222452e-06 0.23641702764378833 0.13287589725294335 0.13287589725294335 0.14208659892889183 0.15819414361683895 0.1611858411837676 0.17601455819203143 0.1835619939312318 0.18828488273936442 0.19604845867000284 0.20931791924857263 0.23641702764378833
235 2350 5.710537580991937e-06 0.22920456864376432 0.13431888614192872 0.13431888614192872 0.13942166744164727 0.1579585005355623 0.16183693874994565 0.17297774987845707 0.178135358962901 0.18698850149657834 0.18956899278699854 0.20954247701995268 0.22920456864376432
236 2360 5.104381801192031e-06 0.22649632360190883 0.1303000696526805 0.1303000696526805 0.13810657186495062 0.1569616225480656 0.1624133594874226 0.17076491353526102 0.17828309493481875 0.18287194935563314 0.18947202359475582 0.207440462469459 0.22649632360190883
237 2370 4.950143728308099e-06 0.22426626311195322 0.12597057550568927 0.12597057550568927 0.13959959210605596 0.15605007739091292 0.16102879772663942 0.16832604569747547 0.180716353786548 0.18122218584585115 0.1880769457023222 0.2017256570836111 0.22426626311195322
238 2380 4.839790659062403e-06 0.22419943260757152 0.12034776793297938 0.12034776793297938 0.14203597749833344 0.15499027581494676 0.16027942289468655 0.17086092890519433 0.17505776381154306 0.17939209644575263 0.19257594727791424 0.19797542850633387 0.22419943260757152
239 2390 4.660774760454309e-06 0.22050496753356894 0.11966060713488015 0.11966060713488015 0.14420052275321135 0.14922527683950182 0.16158962319870934 0.16752878161375484 0.17269899236354203 0.17673425417871116 0.19226158153228154 0.1971786621580079 0.22050496753356894
240 2400 4.4229787865298155e-06 0.21826926113593823 0.11969552289393671 0.11969552289393671 0.14649879298432295 0.15242840294384452 0.15802282489597502 0.166267884370787 0.1701935713457496 0.1745274154793066 0.191330581664238 0.19717789097970603 0.21826926113593823
241 2410 3.955078818540074e-06 0.22446833877910832 0.12029602732500937 0.12029602732500937 0.13924944972232076 0.1541688251474096 0.15632154952587124 0.16209130543441988 0.16926516073015196 0.17442981701167015 0.18954018201634654 0.19397359964657795 0.22446833877910832
242 2420 3.925689820046577e-06 0.2191093618931189 0.11987699150907344 0.11987699150907344 0.13803637023647533 0.15160595200468896 0.15193628370104265 0.16014742074383223 0.1721361377078298 0.17555229188876967 0.1842644464172638 0.19011096758797144 0.2191093618931189
243 2430 3.5448956403000004e-06 0.2166647498326152 0.11762013615955154 0.11762013615955154 0.1362844484928551 0.1465618131245183 0.1535402407170127 0.15683348303006475 0.1734753677794875 0.18021058624308461 0.18268868454548634 0.19405654827810073 0.2166647498326152
244 2440 3.4767485761741823e-06 0.2123644209551777 0.11539174845593941 0.11539174845593941 0.13684316354350984 0.14434300613962622 0.15089738802189612 0.15240247167463267 0.17286413516681673 0.17787805013722546 0.1813959554383329 0.1935085865677969 0.2123644209551777
245 2450 3.2052235256472136e-06 0.20500487806586704 0.11662149145033322 0.11662149145033322 0.13589956300042996 0.14496738036646098 0.14799048418008234 0.15667185731993122 0.17361367004024297 0.17403680962167703 0.1796716784298028 0.19216677916720246 0.20500487806586704
246 2460 2.8229695938051777e-06 0.1993625361664149 0.11492619505329946 0.11492619505329946 0.13529326032602 0.14508368183991355 0.14702971937093837 0.1534452542936094 0.17010865909268097 0.1732781615421254 0.1787832226470564 0.18993575110771777 0.1993625361664149
247 2470 2.5271504232816422e-06 0.1902470710485623 0.11502337379743247 0.11502337379743247 0.1326457321030262 0.14166672012819345 0.14643095707089723 0.1507380871374256 0.16841769500347134 0.17175075367217504 0.17772262686255558 0.18900396805348343 0.1902470710485623
248 2480 2.6190640783921195e-06 0.19175485859591215 0.1162171862756888 0.1162171862756888 0.13065392973423803 0.14030823690266692 0.14474518873929265 0.14773904233253493 0.16062024856056364 0.17148207338221935 0.17556339010336577 0.1868477825947716 0.19175485859591215
249 2490 2.48325727132716e-06 0.19356539100247847 0.1139384096582229 0.1139384096582229 0.12946869088254576 0.14081066112914098 0.1454691957725016 0.14858170591495026 0.1641516762786032 0.16875670914237095 0.17849730510175635 0.1865704958023118 0.19356539100247847
250 2500 2.3969177044423855e-06 0.19827871643593278 0.11027547916130774 0.11027547916130774 0.12877989064962703 0.1378565350563164 0.14538715649614453 0.14935756193663502 0.1608938075716829 0.1688489764810541 0.1790130038453326 0.18293688129311605 0.19827871643593278
251 2510 2.3342298663526085e-06 0.20160065223805956 0.10760937931020918 0.10760937931020918 0.1262666679632203 0.13379971901732496 0.145277827892385 0.1517375333137493 0.16041411454728569 0.16651105555287368 0.1745512715033159 0.18244196631632045 0.20160065223805956
252 2520 2.2423196087383168e-06 0.19830899484237408 0.1054490735855119 0.1054490735855119 0.124937542929087 0.13272180682306284 0.14141825503792643 0.15363293868545905 0.15828290502196904 0.16608431860958445 0.1766136068099909 0.18318984777292674 0.19830899484237408
253 2530 2.2214508955885343e-06 0.19579634664909307 0.10815765650203805 0.10815765650203805 0.12243363855143291 0.1339404554093448 0.13871843641819584 0.15018371741375003 0.16078834200640807 0.16460068295468655 0.1699842062781029 0.18114675040498698 0.19579634664909307
254 2540 2.241225189347897e-06 0.19996195942514725 0.1082441593606036 0.1082441593606036 0.12112958127751637 0.13115716087159635 0.13983788859725946 0.15049191451783156 0.1584237278523953 0.16276370771179668 0.1680568500289546 0.17757898813966294 0.19996195942514725
255 2550 2.220458080425471e-06 0.199665553945622 0.10800539814948722 0.10800539814948722 0.12060273581796749 0.12880806482156276 0.14098420276178256 0.15426393994373513 0.1552383491524187 0.16156790802231633 0.1685139184409881 0.1740420107602022 0.199665553945622
256 2560 1.971103255552164e-06 0.20131949840192334 0.10925159731748992 0.10925159731748992 0.11711299163480826 0.12530208013455701 0.1401319606013036 0.15214974755062796 0.15788257056680355 0.16262746868749536 0.16679026493223933 0.16875226876349217 0.20131949840192334
257 2570 1.7834717833293374e-06 0.1998284047234788 0.10891698941863515 0.10891698941863515 0.11864608175409 0.12508396699658603 0.13613009616112398 0.15178951179959488 0.15552834144380487 0.16158043730693797 0.16308861348212128 0.16668568353738103 0.1998284047234788
258 2580 1.6646783424875932e-06 0.19474960252372936 0.10729715449373878 0.10729715449373878 0.11748915100012534 0.12279936792596365 0.1352947858171645 0.15042132717094 0.15419468311109635 0.15830517746596406 0.1626505392164141 0.1684939829385232 0.19474960252372936
259 2590 1.6550386141235452e-06 0.194645935492899 0.10652328737003851 0.10652328737003851 0.11920482017634436 0.12408430642889492 0.13525722059888393 0.14173205127082697 0.1540084610762245 0.15492533579496168 0.16147898464009267 0.17032120122578567 0.194645935492899
260 2600 1.5782260781809003e-06 0.19120865840123924 0.10629441217783862 0.10629441217783862 0.11787757886088027 0.1262553750297306 0.133810313801056 0.14153624404214332 0.14427913500731196 0.15619242810069003 0.1650783539643946 0.16874724795775747 0.19120865840123924
261 2610 1.5246151582382042e-06 0.1917212024712022 0.10555684519376984 0.10555684519376984 0.11317387289247467 0.12847427355298777 0.13138768163553233 0.13915371491598227 0.14466203591502463 0.15593588246991172 0.16256475575247778 0.16909551189797423 0.1917212024712022
262 2620 1.4490932447165175e-06 0.18886667700778817 0.1048223380107868 0.1048223380107868 0.1120722989230667 0.12151911663654041 0.130449779290058 0.13920144432765658 0.1439204331452385 0.1562777335597494 0.158640064324995 0.17382024505630708 0.18886667700778817
263 2630 1.404691436141075e-06 0.18891590361256047 0.10458949833570329 0.10458949833570329 0.11116082204553182 0.12096651306341392 0.12907044524366534 0.13815991878510514 0.14290823475149383 0.15384438867016487 0.15797854895415356 0.17228629918580607 0.18891590361256047
264 2640 1.3594346355593793e-06 0.18644281728508635 0.104555688707793 0.104555688707793 0.11135594239573963 0.11628408691131857 0.12917368068240193 0.13847008868729907 0.14360443611529475 0.15231899807359348 0.15738465702824125 0.17004084496860228 0.18644281728508635
265 2650 1.253446802403741e-06 0.18702900305180656 0.10030345961266603 0.10030345961266603 0.11148109641589059 0.11436961365636036 0.1298885431695013 0.13803816612118686 0.1424763377102352 0.14952297282813218 0.15904191164575301 0.17247848817446867 0.18702900305180656
266 2660 1.0956030653389755e-06 0.1827062636535744 0.10030267278985226 0.10030267278985226 0.11031233367990034 0.1137437662753929 0.12863674867526595 0.13796739132579625 0.13966009691592615 0.14808280584812875 0.15992024294730683 0.16821228042454092 0.1827062636535744
267 2670 1.0250503412297517e-06 0.1811094894399508 0.09917176073566 0.09917176073566 0.10960758800389984 0.11295509940865014 0.1273101243727766 0.13666748743056958 0.13732441637757803 0.14672994278515805 0.15378352468502376 0.1695747074681815 0.1811094894399508
268 2680 9.837160007200712e-07 0.17985187256317534 0.0954845576454743 0.0954845576454743 0.11015057087756935 0.11421109419037902 0.12786432103676876 0.13324883325436415 0.137515554082413 0.14759660232928806 0.15295892480653261 0.16739049381884394 0.17985187256317534
269 2690 9.215825613539081e-07 0.18311274996413457 0.09335755177090072 0.09335755177090072 0.10511713774581165 0.11408408073599723 0.12689086625262877 0.13250774376815186 0.13407455265993526 0.14377431022708181 0.15325252726177518 0.1694061949183509 0.18311274996413457
270 2700 8.596988489881604e-07 0.18310701117903763 0.09124482021591285 0.09124482021591285 0.10245257704206133 0.11399647923745235 0.12710233539607912 0.1318825295079207 0.13388165253537015 0.14367287829426031 0.15259879040364874 0.16677518322293097 0.18310701117903763
271 2710 7.922745695178857e-07 0.17996436751057057 0.09022062281448771 0.09022062281448771 0.10033428905892562 0.11115776454559974 0.12910019409767354 0.13056189175669705 0.13277126498741057 0.14640607306289463 0.14831327712255138 0.1634155518328114 0.17996436751057057
272 2720 7.507505244240928e-07 0.17141744695582736 0.088831719968072 0.088831719968072 0.10004429448596872 0.11145459958039348 0.12591701580736775 0.12907702743929603 0.1329895789535447 0.14340304202760423 0.14823281570065958 0.16284064229634174 0.17141744695582736
273 2730 7.115157815883154e-07 0.17119832230128712 0.08765698727908958 0.08765698727908958 0.10019995505397837 0.10842847135628506 0.12135753565319111 0.1264343587292689 0.133728107414478 0.14321801621312646 0.14767096064284665 0.16072879345856592 0.17119832230128712
274 2740 7.124151330951514e-07 0.1672543072060508 0.08729791236668279 0.08729791236668279 0.09934198704284264 0.10745346304526139 0.12346462912837768 0.1262669999129256 0.13121652120799004 0.14020849065843788 0.1517079788355073 0.1568057813820878 0.1672543072060508
275 2750 6.546981864723343e-07 0.16353049664928382 0.08921703064420182 0.08921703064420182 0.09948182389732475 0.10554365966470758 0.12146510667166735 0.12577357591853508 0.1323050974132547 0.14083390533187895 0.1508010937795603 0.1572982699507316 0.16353049664928382
276 2760 6.147741786546774e-07 0.16003544825174398 0.08914685932989568 0.08914685932989568 0.0987934458669922 0.10361337531942044 0.11843132387816195 0.12502136423654386 0.1293591644642412 0.14023057828923216 0.14946985272122015 0.15597990339759155 0.16003544825174398
277 2770 5.511716814045176e-07 0.1595032574977931 0.0876240098179004 0.0876240098179004 0.09863251822070314 0.10339997732817216 0.1155595096322396 0.12489977907697579 0.12728763320363756 0.14116552329484006 0.1469329581405333 0.1536991550044844 0.1595032574977931
278 2780 4.784281390785554e-07 0.1589305671899199 0.08608152402450903 0.08608152402450903 0.09935498795919954 0.10134669978000185 0.11576784818066313 0.12537307405804898 0.12551349570340278 0.13970556165222325 0.14187422100045197 0.1498092693732398 0.1589305671899199
279 2790 4.206513787021936e-07 0.15917755552607393 0.08484843446391827 0.08484843446391827 0.09881214148146415 0.1017113753250826 0.11297541289296427 0.1233742382398809 0.12499235346241089 0.13421916421697092 0.14087221332927283 0.1476206542005566 0.15917755552607393
280 2800 3.8959169890630154e-07 0.16025165996486723 0.08474710633421127 0.08474710633421127 0.09872399337878435 0.1015415311203034 0.11339216984831352 0.12002573788624298 0.12327005496114402 0.12984591665739023 0.13883641989852907 0.14456231973960276 0.16025165996486723
281 2810 3.6040660530256155e-07 0.15644651940822452 0.08646141155263871 0.08646141155263871 0.09673801757400097 0.0989686217398101 0.11327235535947545 0.11867407987108526 0.12264503769685424 0.1300911006472187 0.1347558305348437 0.14511442807513142 0.15644651940822452
282 2820 3.4801873342831325e-07 0.15702632930108887 0.08433004115068961 0.08433004115068961 0.09584115339034552 0.09724783023065448 0.11136203667865469 0.11922690865461891 0.12392579445982306 0.13012930706327167 0.13535867332942855 0.14391058741154325 0.15702632930108887
283 2830 3.152118415358459e-07 0.15456019896810397 0.0814305679443847 0.0814305679443847 0.09580373349317242 0.09745695574405917 0.10988599144900903 0.11950276996972435 0.12387013164136124 0.12979736098088004 0.13635260382306377 0.14345171215506858 0.15456019896810397
284 2840 2.872723812170315e-07 0.1517679344939684 0.07859500518123944 0.07859500518123944 0.09396148499793769 0.09813185532573467 0.10911162274551192 0.11857638095004143 0.12160727793501738 0.1285784936710354 0.13649093279230717 0.14347044593359365 0.1517679344939684
285 2850 2.598872928580413e-07 0.14995696660237604 0.07616527585274317 0.07616527585274317 0.09435103639595087 0.09854374179614868 0.10893420482673408 0.11560663289826449 0.12166427169696684 0.12982515178203122 0.13253175265150943 0.1416087026141265 0.14995696660237604
286 2860 2.506622536731267e-07 0.14882950444869333 0.07417475720488724 0.07417475720488724 0.09205020385627696 0.0970564309279286 0.10631242542536219 0.11534704033146935 0.12085083608983664 0.1261818656435599 0.13173145608816209 0.1408323753473351 0.14882950444869333
287 2870 2.4068008703433655e-07 0.14804085121542623 0.07414994296346851 0.07414994296346851 0.09346342952573852 0.09607550180691006 0.10624121206489336 0.11057641077569388 0.11780182553311429 0.12488780680682193 0.13497228894441132 0.1411913722764482 0.14804085121542623
288 2880 2.2089538878082162e-07 0.14386548161142385 0.07481160872899119 0.07481160872899119 0.09309022207373442 0.09546364282729793 0.1048700814811403 0.10913797052785593 0.11648629729511309 0.1242474367448674 0.1346638849714336 0.13666647944365892 0.14386548161142385
289 2890 2.0797346476076404e-07 0.14833645757863326 0.07450239942848882 0.07450239942848882 0.09346011309960929 0.09544845639728562 0.10326632202006752 0.10667322595126866 0.11004011581872278 0.12321448563876145 0.1315899609028601 0.1380257031250025 0.14833645757863326
290 2900 2.0703974477318515e-07 0.14455163117731193 0.07251136374292788 0.07251136374292788 0.09319959188752933 0.09456895402951099 0.10387778383681025 0.10674954314411421 0.10811502144145314 0.12301505041930595 0.13004765330202378 0.1360530684356195 0.14455163117731193
291 2910 2.1031004587809421e-07 0.14449628767097938 0.07228880296350813 0.07228880296350813 0.09077057203673444 0.09483530388900274 0.10370729688483556 0.10571992621981235 0.10868092463638834 0.11909043888639394 0.12821619067517967 0.13981955262981707 0.14449628767097938
292 2920 2.1754308178636808e-07 0.14152050750161402 0.07422356479498211 0.07422356479498211 0.08856211176348015 0.0932065460824789 0.10364018492833327 0.10686775860998297 0.10968142740454426 0.11945868650757843 0.12618177561051108 0.1375665459882832 0.14152050750161402
293 2930 1.999281898475111e-07 0.13993796550349893 0.07318198868725612 0.07318198868725612 0.0878132277233183 0.09226475242509923 0.10258441869650965 0.10833863963515857 0.11329077245930155 0.11967898199433576 0.12562232184229113 0.13603304476639613 0.13993796550349893
294 2940 1.8186035025050318e-07 0.13678075625360386 0.072878004289594 0.072878004289594 0.0853198369933772 0.0927210713656454 0.10244541889972156 0.10772597458371148 0.11337479893502848 0.12076675315761458 0.12237298184444002 0.13296373672781314 0.13678075625360386
295 2950 1.598563357732472e-07 0.13512685265382224 0.07299424638222482 0.07299424638222482 0.08090002735874466 0.09295575530565593 0.102042424989917 0.10550047058115886 0.11264266380499316 0.11848544956125093 0.12156097607233496 0.13474272619015673 0.13512685265382224
296 2960 1.4540370856610676e-07 0.1343759674784907 0.07095844061186382 0.07095844061186382 0.08066775294212465 0.09188210545320831 0.10075603607770121 0.10297440651645662 0.11116363339116529 0.11740393161438821 0.12131728713420817 0.13400102597797517 0.1343759674784907
297 2970 1.3988680885486944e-07 0.13446931137988904 0.07179618724732814 0.07179618724732814 0.07925476390606928 0.0911310027082515 0.09999580244979754 0.10032902618473494 0.10977063657608438 0.11479558132336733 0.12017988022829028 0.13065658254803728 0.13446931137988904
298 2980 1.3175743291585833e-07 0.13830534249608792 0.07050557027030004 0.07050557027030004 0.07741699028200266 0.09294882797698063 0.09779277510449352 0.09973658543193016 0.10788571391365703 0.11342317824034151 0.12180266442093693 0.12904360496712872 0.13830534249608792
299 2990 1.233629608461093e-07 0.1343818615019094 0.06865260690530998 0.06865260690530998 0.0798786221472167 0.09210717455128031 0.09645487466045166 0.09923652325871116 0.10540757349942007 0.11321270934862916 0.12116924630848333 0.12921096485061853 0.1343818615019094
300 3000 1.199002872279263e-07 0.1366363317157765 0.06746600856089337 0.06746600856089337 0.08062835006997526 0.09122462049417891 0.09550031634660552 0.09806979143419721 0.1027416323646088 0.11183180336508765 0.11950044885858097 0.12740114946308934 0.1366363317157765
301 3010 1.054441211998909e-07 0.1349513831563083 0.06847978394026473 0.06847978394026473 0.07902405488949119 0.09023738033799865 0.09431108703978686 0.09673433117636855 0.10118130841564255 0.11014516570653225 0.11817289182427256 0.12888886377898637 0.1349513831563083
302 3020 9.703636452365923e-08 0.13495890200035315 0.06499182747486032 0.06499182747486032 0.07882296163409122 0.09098859294136641 0.09257550152342334 0.0969712302193722 0.10028799788416368 0.10624744605584929 0.11776032341144183 0.12718257185652881 0.13495890200035315
303 3030 9.76601374309753e-08 0.13523053286515793 0.06254410267976548 0.06254410267976548 0.07853339662681867 0.08673913327502354 0.09205825054237114 0.09570691764046926 0.10198150313884134 0.10638510070444622 0.1174922732476962 0.1257745293810173 0.13523053286515793
304 3040 9.152250238433367e-08 0.135892066507691 0.06003909749154633 0.06003909749154633 0.0782821218550163 0.08654483799565393 0.09066833780363842 0.09800822781135149 0.09950797125293116 0.10577212441711824 0.11745006187237912 0.1256721616068409 0.135892066507691
305 3050 8.522898779403544e-08 0.1370340511558298 0.05986534285881061 0.05986534285881061 0.07813077162455799 0.08474453733552444 0.09071443288929774 0.09681674104689168 0.10085121698764518 0.10340322420018376 0.11285046017212852 0.12463078416592858 0.1370340511558298
306 3060 7.628172291678878e-08 0.13628221133677756 0.05820104042967123 0.05820104042967123 0.07956845396646517 0.08340539589072278 0.0921300130953907 0.09506726340861235 0.09771432418211802 0.10476536859077924 0.11352429701522285 0.122507538323659 0.13628221133677756
307 3070 7.117523432613966e-08 0.13418682275882438 0.058370222609752186 0.058370222609752186 0.07941755212057397 0.0824665423688916 0.09104667311510634 0.09443057560497152 0.09856485987855453 0.1026252095866438 0.10787112667757058 0.12091807242180327 0.13418682275882438
308 3080 6.90261365658963e-08 0.13487613466536533 0.05758368576311517 0.05758368576311517 0.07838862915630063 0.08216246294492827 0.09015782323167529 0.09433176892646936 0.0965408967026691 0.10287402762697448 0.10603788049334191 0.12173997151398813 0.13487613466536533
309 3090 6.78576582490642e-08 0.13367776530953324 0.05649843292398157 0.05649843292398157 0.07661109952097943 0.08091340633940419 0.08862910861962284 0.09374378065283388 0.0968591183592151 0.10320419407147284 0.10579252804415744 0.12262307887901977 0.13367776530953324
310 3100 6.676076226961378e-08 0.13199979058581812 0.054265635029827675 0.054265635029827675 0.07616213821733318 0.07944743347258504 0.08889354902223974 0.09209993962888842 0.10016861000563397 0.10396323068722092 0.10648641323252389 0.1232366656427024 0.13199979058581812
311 3110 6.492709236659509e-08 0.12926225121260412 0.05369008485110056 0.05369008485110056 0.07347097101215344 0.07979426893226786 0.08815729223919591 0.09114329538547512 0.09880521073410628 0.10602150632260979 0.10787718790671273 0.1242900331655424 0.12926225121260412
312 3120 6.5642981512639e-08 0.12760078878447673 0.05327788160141959 0.05327788160141959 0.07250166113364856 0.07907028826212102 0.08777873815127431 0.09046215829805486 0.10032782847672513 0.10367980032081496 0.1098745160026612 0.12463678796381589 0.12760078878447673
313 3130 6.201394441283344e-08 0.12607092608413895 0.052575943759321946 0.052575943759321946 0.07241943503538567 0.07876095510314125 0.08657217781179004 0.09233891935095044 0.09919908960053334 0.1045441599414038 0.11102199188506333 0.12391039970872417 0.12607092608413895
313 3130 6.201394441283344e-08 0.12607092608413895 0.052575943759321946 0.052575943759321946 0.07241943503538567 0.07876095510314125 0.08657217781179004 0.09233891935095044 0.09919908960053334 0.1045441599414038 0.11102199188506333 0.12391039970872417 0.12607092608413895
