% # columns="iteration, evaluation, sigma, axis ratio, bestever, best, median, worst objective function value, interquartile range, 25%tile, current best feasible f-value, elapsed wallclock time [s], further/more values", seed=596573, Mon Mar  2 22:24:18 2026, <python>{}</python>
1 10 0.4434876103413729 1.0000450010125153 86.75964361396468 8.6759643613964684e+01 120.31091303357499 146.3554856913529 24.92662707792178 107.47788424736848 nan 0.0   
2 20 0.44032293962305574 1.1323858413446672 86.75964361396468 9.9163326632107257e+01 124.17364092784555 168.6015054473993 23.371615251897182 116.03339646435667 nan 0.0   
3 30 0.43695451826293735 1.2763249242467505 86.75964361396468 1.2447050964087640e+02 147.86782365553955 194.28543935108806 15.88244114333395 136.45692446456854 nan 0.0   
4 40 0.43501965044461477 1.3615765791071963 86.75964361396468 9.4412985553763377e+01 127.50759855076703 147.16996103331815 27.268372521395435 109.40042900235076 nan 0.0   
5 50 0.41957281700631716 1.4141905697182218 86.75964361396468 1.0398009985559796e+02 128.05361984700664 164.94978211408363 24.025504713490946 113.99691289413128 nan 0.0   
6 60 0.41399773896106695 1.4539036798485212 86.75964361396468 1.0514122165734064e+02 123.69693827645114 160.57537897324738 29.527094202066166 111.43883230544469 nan 0.0   
7 70 0.45736720005742953 1.5100130341731337 86.37368601616903 8.6373686016169032e+01 132.38891740687586 145.17345717392968 49.134334553152485 93.83005864610635 nan 0.0   
8 80 0.4826579701381065 1.593377667668277 73.40911558546507 7.3409115585465074e+01 119.9215340352267 138.2938532612702 29.221007955746046 100.23364596444875 nan 0.0   
9 90 0.4988023381601297 1.7597203982147784 73.40911558546507 8.5397230480512519e+01 121.0232925673392 171.3227833138968 35.990852198536814 103.46985609500807 nan 0.0   
10 100 0.48278228229195963 1.8078810668372978 73.40911558546507 8.0527863187863616e+01 121.98313882639462 137.79735044201578 31.431458545864146 101.6233419478538 nan 0.0   
11 110 0.472388702122416 1.8039401148679273 73.40911558546507 8.7214963417349409e+01 118.57827970948412 160.24500301013305 42.01279910142806 102.18179472749405 nan 0.0   
12 120 0.47059445527406885 1.7759229689655633 73.40911558546507 9.5669515082569674e+01 134.43055353425476 158.16401448476125 37.022439737927996 111.15374701277442 nan 0.0   
13 130 0.4533222984160204 1.7569931708897295 73.40911558546507 8.3264871709262138e+01 121.36698357981759 164.27384635107825 15.476977374000398 110.48674557695097 nan 0.0   
14 140 0.44252334141077265 1.8268609767243686 73.40911558546507 8.6363262441473935e+01 121.32894294719358 182.24332406738932 9.971665292097427 117.82256945870996 nan 0.0   
15 150 0.4513922684885251 1.8180662528882416 73.40911558546507 9.7950055452137676e+01 117.26488370072295 152.83013327428955 25.99776362750147 101.9983978569548 nan 0.0   
16 160 0.43591472514010293 1.797785460763651 73.40911558546507 1.1006206622810667e+02 122.64412845627643 152.48028442977386 28.286087175032804 112.97604803168008 nan 0.0   
17 170 0.40149798236247064 1.8747402524706827 73.40911558546507 7.7872599852328136e+01 120.52758925016147 175.6325439780052 23.96483754882894 109.25275395220194 nan 0.0   
18 180 0.4022494867349966 1.9022536973855482 73.40911558546507 9.4817186562473097e+01 130.59177825744035 176.10587659470866 45.262142997292784 103.9387032019014 nan 0.0   
19 190 0.3696252736177516 1.9095156913865363 73.40911558546507 1.1038299525531403e+02 136.5440993446727 168.32053561051777 27.595775034736306 118.83762778402735 nan 0.0   
20 200 0.3732739212877658 1.9484203527188086 73.40911558546507 9.7796061164818312e+01 126.20923723469619 141.6799148777451 33.57069020936429 100.46421156892136 nan 0.0   
21 210 0.3624744717691792 1.9797418894588892 73.40911558546507 8.0764577483919140e+01 117.53845134759838 138.84771886683632 34.34713403918971 101.0662455249115 nan 0.0   
22 220 0.3778126963355229 2.0544893246488853 73.40911558546507 8.5646874734328520e+01 105.10934117130866 133.2363262647867 34.60439145025545 92.63924538761302 nan 0.0   
23 230 0.39015685617586443 2.0481941843654012 73.20730606254955 7.3207306062549549e+01 118.61142595439567 155.9451608225214 37.932098803012394 94.49391578657838 nan 0.0   
24 240 0.38583271475853576 2.0689271813562877 73.20730606254955 9.8081997286385672e+01 118.94229381215122 141.4198378227847 27.481732829011023 109.65140094085375 nan 0.0   
25 250 0.36748173288129016 2.03611238305705 73.20730606254955 8.5835572188648953e+01 105.32638396582342 135.62901392266656 20.013041385448204 95.34637231164378 nan 0.0   
26 260 0.33234230146733723 2.0641590345579446 73.20730606254955 9.5388671363979853e+01 126.6422965284866 158.88369405889563 34.44849530925653 109.17752153260695 nan 0.0   
27 270 0.34399187932671477 2.0936756406253627 73.12593136432152 7.3125931364321517e+01 119.35916327925578 136.97078312676953 24.353246330521912 108.10587701134774 nan 0.0   
28 280 0.36916775130312257 2.1556338799623527 73.12593136432152 1.0127591748963803e+02 130.1630011548512 170.14769332823644 31.677025750811495 109.28065649837349 nan 0.0   
29 290 0.40826828503700907 2.2161753190455133 73.12593136432152 9.1267849088068175e+01 127.42120885008364 154.653101402905 30.12808576679015 109.5973705065453 nan 0.0   
30 300 0.41199633060527185 2.3510624334218804 73.12593136432152 8.6136032347905143e+01 113.18913228589017 134.18871002026205 31.96173563121144 90.33707635019408 nan 0.0   
31 310 0.4296929583458026 2.3150077479081475 73.12593136432152 8.2094625228163039e+01 124.90362711499904 176.96414439050085 25.530923641647078 110.87081885109656 nan 0.0   
32 320 0.41995828703041016 2.4009242029494082 71.3941440870767 7.1394144087076697e+01 124.45241303991784 151.1009131930755 26.35871569037232 104.08326395519936 nan 0.0   
33 330 0.3953087724504418 2.490009655180067 71.3941440870767 8.3402544295091474e+01 114.65865237497346 120.99549825726959 11.653896683658886 105.69867692075313 nan 0.0   
34 340 0.35727450215983464 2.5777779450644935 71.3941440870767 9.1761816607671193e+01 126.23658232170399 176.0707092531516 36.75514297294518 106.10203290325794 nan 0.0   
35 350 0.35149628017786366 2.6075651847518366 71.3941440870767 8.5901598412123036e+01 111.48744177268199 129.85841938099242 24.30285622290613 95.28240398154364 nan 0.0   
36 360 0.3584511700086826 2.6493790911352297 71.3941440870767 9.7627998776112094e+01 115.10101489493123 143.90581862339386 17.328095289101483 104.62621356757434 nan 0.0   
37 370 0.35079468589383456 2.6375394452196503 71.3941440870767 7.7671596267460018e+01 117.9282919763562 137.1076376021791 27.317673303362 105.62764711697622 nan 0.0   
38 380 0.35432285286378373 2.540936791300356 71.3941440870767 7.7730709612037700e+01 104.91419045472601 142.0739408934391 30.80536910417308 96.97772135912189 nan 0.0   
39 390 0.3417521661823259 2.5725794078849327 71.3941440870767 7.6050012023002452e+01 123.70586050291979 156.3892056317378 22.441009904363924 111.74752404826005 nan 0.0   
40 400 0.33680004234297445 2.6008102699906575 71.3941440870767 7.6968990241295444e+01 108.52437821543661 140.88472732723955 25.013911366838883 96.57373552494029 nan 0.0   
41 410 0.3382906807386616 2.646127371995615 71.3941440870767 7.6051199417784360e+01 104.60012777370993 134.98983514419047 40.4371822253911 87.84649507560329 nan 0.0   
42 420 0.3417641150199679 2.516297089092305 71.3941440870767 7.2887712128988341e+01 136.1381910859297 164.70211714266867 46.32303390815194 98.90913201086973 nan 0.0   
43 430 0.3630092485061373 2.475857714004273 71.3941440870767 8.7179564738167727e+01 102.38492223202155 152.57236986932736 10.771578814276864 98.09407468709892 nan 0.0   
44 440 0.4223857421467439 2.477104184869622 71.3941440870767 9.6395381433802186e+01 127.87016953870268 154.37018824788873 28.255809448168037 104.48897183574834 nan 0.0   
45 450 0.41034394074382397 2.5393729317583817 71.3941440870767 8.3608304958187901e+01 126.44597251823063 159.56415506626647 19.89773262158704 118.38715262054725 nan 0.0   
46 460 0.381342304433004 2.6346174230505786 71.3941440870767 1.0276165376770747e+02 131.54788194924168 144.42077774306227 26.96828682151508 114.82720213363424 nan 0.0   
47 470 0.3963163950367471 2.7315510105469656 60.801169218986516 6.0801169218986516e+01 115.74072107540317 147.30587229287207 38.85154511880121 95.27206323552464 nan 0.0   
48 480 0.4338178152475715 2.742677171234662 60.801169218986516 9.2341087965572015e+01 114.32219842973873 138.82139943993965 11.433520088766613 103.15470571863733 nan 0.0   
49 490 0.4443917599731597 2.83848316298687 60.801169218986516 9.5525730452773487e+01 114.85638336099126 155.22571658562623 28.192162315347616 99.65028432008435 nan 0.0   
50 500 0.4357792671616918 2.976407717774605 60.801169218986516 8.6656055828709555e+01 131.86256768221494 155.22376599787992 26.80531745824942 106.45590802497676 nan 0.0   
51 510 0.437558641978134 2.9714498476428375 60.801169218986516 8.5262344474585021e+01 117.45043154977492 147.99139324617113 44.020844254335316 97.36666925823559 nan 0.0   
52 520 0.4471109973949951 3.1213787867723117 60.801169218986516 8.3993042275731682e+01 108.12289099792581 140.78555068948876 35.076120349635346 85.6469364257359 nan 0.0   
53 530 0.4626358991363561 3.1070054896550388 60.801169218986516 8.0411744280707666e+01 119.99927441424822 143.91748025253324 48.773863653605275 86.14711649376085 nan 0.0   
54 540 0.44968169407499675 3.1783995873748747 60.801169218986516 9.1452751698862073e+01 127.42643609892629 145.8500803172858 20.799372725724808 110.5409245472758 nan 0.0   
55 550 0.42190135345224183 3.1893122155717033 45.84831330881083 4.5848313308810830e+01 107.73749618050198 147.87578057265452 29.184905290148635 87.67217854988168 nan 0.0   
56 560 0.42072327182627894 3.3125762035359134 45.84831330881083 7.9589071840482532e+01 107.17091436150211 134.838732271582 22.90836373788389 89.5937233738496 nan 0.1   
57 570 0.45146981223389965 3.5077698814160567 45.84831330881083 8.5271687881374476e+01 122.83060666396628 160.42723118863148 26.422535631715164 102.31473441160304 nan 0.1   
58 580 0.45957099824143693 3.514573893610764 45.84831330881083 5.7394428659221447e+01 106.3521966635798 134.04236606382148 21.412218713416735 100.22194185919648 nan 0.1   
59 590 0.43195076245181996 3.3943001529489574 45.84831330881083 6.3796823601159296e+01 126.37583332727453 145.80317407487598 32.55954730520256 103.3212309492499 nan 0.1   
60 600 0.43468010840668697 3.39009377341722 45.84831330881083 9.3318923021223156e+01 125.94286375182372 177.19675856715847 51.202006300551375 96.58643154481877 nan 0.1   
61 610 0.41910591397805236 3.4280678608695516 45.84831330881083 8.4819621908487946e+01 121.08819345201682 165.02458536979762 24.853892129351223 99.22105434446794 nan 0.1   
62 620 0.40282575108471036 3.3997896872208706 45.84831330881083 9.4725340907130274e+01 125.52322235094731 161.17780702067716 19.424624027192152 116.04487259308874 nan 0.1   
63 630 0.41107063985360304 3.439344538786823 45.84831330881083 7.5290429992950465e+01 108.25719987894759 150.98999426102733 49.757639543795534 87.3370514930684 nan 0.1   
64 640 0.45674619930822474 3.403292135454537 45.84831330881083 7.9788617154283500e+01 131.0210144694219 154.41249612267177 30.514804177695254 116.26845044288027 nan 0.1   
65 650 0.5396861964789027 3.392256499790482 45.84831330881083 8.3468269401260969e+01 116.14041486729046 153.78241782179543 32.66104193361072 109.50183714014439 nan 0.1   
66 660 0.640346262668581 3.475922735260881 45.84831330881083 8.8283874071910333e+01 130.02412951515316 149.61041607786495 39.080355696634484 101.9991202511097 nan 0.1   
67 670 0.7147965809485443 3.601183364122586 45.84831330881083 9.8911116840573001e+01 130.4804410730016 177.28587797575247 27.259332469209824 109.87774706918188 nan 0.1   
68 680 0.7336923292349475 3.7741294265209904 45.84831330881083 7.1730075337425205e+01 124.73122106097541 177.5285455882992 33.35122412654994 102.38558377223669 nan 0.1   
69 690 0.7394788638854689 3.7900363458144404 45.84831330881083 1.0949897446053167e+02 132.96965283953014 169.9692748866703 27.565466357064736 124.4573573420927 nan 0.1   
70 700 0.750382973728074 3.7399824530933143 45.84831330881083 1.0553428663586121e+02 147.16668275793552 168.24452083983175 35.69474446751508 121.48552360179315 nan 0.1   
71 710 0.7296590000719136 3.6730936959984675 45.84831330881083 5.8393769335220568e+01 120.81794766610187 150.78226871934885 45.80513924470783 97.37177303270836 nan 0.1   
72 720 0.8072589373959193 3.672571081304143 45.84831330881083 8.4282783349025010e+01 132.28714100946246 145.72223272167503 36.2748074528033 98.86799092745021 nan 0.1   
73 730 0.8652613452038446 3.4841437577860725 45.84831330881083 8.6811122833300473e+01 118.0419497341525 156.1284297547364 53.23105926443775 93.75791615935465 nan 0.1   
74 740 0.8376432545035591 3.4603298307342554 45.84831330881083 9.4811891101454250e+01 112.88414243908633 150.01954311182607 14.97110759474161 101.55287328532859 nan 0.1   
75 750 0.8215799713082873 3.543620830756465 45.84831330881083 1.0771818084889793e+02 142.2635020165451 185.55413836280056 27.677823224354313 139.41672722794715 nan 0.1   
76 760 0.8369316658697861 3.644854410243316 45.84831330881083 8.3155578270523520e+01 116.02760565524738 154.19714871851127 37.70868856877114 99.90684475927635 nan 0.1   
77 770 0.8432058517771575 3.8231382049837204 45.84831330881083 8.8159324211361053e+01 126.23193298082268 161.48471757693807 27.978881614862473 114.96089619876753 nan 0.1   
78 780 0.801774968898604 3.9247465482936486 45.84831330881083 7.7382526109262102e+01 116.50224099411716 135.91823321366806 29.604470373120137 100.29786046424923 nan 0.1   
79 790 0.7475845194222945 3.901372854558485 45.84831330881083 7.2565946702032974e+01 104.6376482964572 132.28958537978684 28.7668460362422 80.91390879010667 nan 0.1   
80 800 0.7234363857825625 3.7874332710832253 45.84831330881083 7.1633351063492995e+01 115.21863353746701 166.23612322965087 33.982975374199 104.78175877474807 nan 0.1   
81 810 0.6931865516635397 3.714429335710521 45.84831330881083 8.7273870954699532e+01 108.50131648212205 138.00999986133894 31.1971020693818 103.62262719947162 nan 0.1   
82 820 0.7125671693982258 3.7036180869629374 45.84831330881083 7.5053282390902964e+01 119.66314185072693 131.49283644074129 19.093534897612045 109.55412694845248 nan 0.1   
83 830 0.7455238277241827 3.7647520404499546 45.84831330881083 8.8442734997435394e+01 121.46161713255603 153.32267931457773 40.56295436005283 106.03663336470734 nan 0.1   
84 840 0.731878606829539 3.744177749843597 45.84831330881083 6.8935186708948436e+01 110.59256319231633 146.52151941651599 22.57181998297797 95.7020050800481 nan 0.1   
85 850 0.7314528501721236 3.7415242697705353 45.84831330881083 9.6730833288996948e+01 133.99422592240074 155.03898081093405 10.5998822161407 124.92101932942684 nan 0.1   
86 860 0.7564300543899728 3.7408599085561467 45.84831330881083 9.2689452681272300e+01 123.20824439200177 155.5681931556882 31.194712510487506 109.85975348769634 nan 0.1   
87 870 0.7669297009536756 3.7804306551179856 45.84831330881083 8.9218153101083843e+01 125.4838176778491 180.80368181895244 37.173596517626834 114.3894856758823 nan 0.1   
88 880 0.7895357195685416 4.046880471191011 45.84831330881083 9.4500050186637367e+01 132.714497969761 162.46393394523756 25.250445745219793 117.54127292852269 nan 0.1   
89 890 0.7364485644097974 4.090096268120063 38.315318668551626 3.8315318668551626e+01 129.61418240990307 176.1491041095568 53.6597454934946 101.32514283701715 nan 0.1   
90 900 0.6758210624359048 4.1947550795159145 38.315318668551626 1.1092092092888035e+02 136.70946150866845 163.02820181319814 22.18995238166994 123.62385182892953 nan 0.1   
91 910 0.6827782428676987 4.2144946398234655 38.315318668551626 6.5128085745678021e+01 136.49591132886133 169.95394812601492 33.45181763105256 105.59508133044778 nan 0.1   
92 920 0.6699404455119532 4.328657824020069 38.315318668551626 5.3826890945198940e+01 116.89565778641662 151.56652008049312 28.360131126908925 102.5590655150356 nan 0.1   
93 930 0.6687350349425052 4.393044563489484 38.315318668551626 8.2239502466946362e+01 110.31510726252426 149.18311142840696 20.75304919884043 96.3280774806856 nan 0.1   
94 940 0.6375936315910087 4.694833286137002 38.315318668551626 6.2338237103109257e+01 116.13147529017117 155.74403781126892 54.05517479569312 73.17881993323104 nan 0.1   
95 950 0.5810030479161878 4.880507648606335 38.315318668551626 7.5107201159207932e+01 118.57285662129217 148.23447426626447 46.05825917771159 98.16625218202114 nan 0.1   
96 960 0.6103535613411307 5.23993410650283 38.315318668551626 5.1735968767995985e+01 151.599141028115 158.84443413446735 74.57561834583957 83.61168641768838 nan 0.1   
97 970 0.5829613098516719 5.517238951254077 38.315318668551626 8.3277880912929092e+01 115.66573878345271 160.25090703540798 38.046722654820485 97.24691670229635 nan 0.1   
98 980 0.5768201838831097 5.402258229602276 38.315318668551626 8.9105452440648989e+01 107.94258101461361 148.1575639048787 48.41926343889753 95.64534967173128 nan 0.1   
99 990 0.6217004109702194 5.4280053967536785 38.315318668551626 9.2671022081269555e+01 122.25663069522585 137.847751371066 21.59125778773037 110.06984728410592 nan 0.1   
100 1000 0.6473706735926124 5.683257704619852 38.315318668551626 9.3845202778513382e+01 134.0557933575671 164.93817599151438 44.59652438108199 114.48234200477916 nan 0.1   
101 1010 0.67978342960969 5.874113960180104 38.315318668551626 9.6796668617892138e+01 130.89786433034837 151.6632192589788 21.58387798400365 112.5742544289338 nan 0.1   
102 1020 0.656193243029536 5.797821464493218 38.315318668551626 7.4389226261317404e+01 134.6962087401836 181.89037447207983 38.24983068733229 112.70948743920644 nan 0.1   
103 1030 0.6617435900571955 5.687309103910464 38.315318668551626 9.6026811852019648e+01 144.9920204322057 179.64040039239828 33.11034020774895 129.4169369314186 nan 0.1   
104 1040 0.6949504413523773 5.774241567965734 38.315318668551626 7.2586788612822062e+01 125.54990999834354 155.7085561817986 19.91228099602219 111.10080208408974 nan 0.1   
105 1050 0.6441501428873448 5.8451526194480055 38.315318668551626 8.2073785310846418e+01 123.25384628372913 140.19525363926618 15.07764266040428 116.99424495815717 nan 0.2   
106 1060 0.6411039858295267 5.848806147878839 38.315318668551626 9.2917982914302911e+01 124.0105834759756 148.43788492356447 26.69694897059648 101.2341637617142 nan 0.2   
107 1070 0.5857441808715637 5.762714260865718 38.315318668551626 7.4805731474048287e+01 135.64317836146807 176.28914494327273 29.312565762985983 121.37917084473797 nan 0.2   
108 1080 0.6059831647423786 5.633234770177458 38.315318668551626 9.2628538181936776e+01 127.01285144587638 163.96797667212758 22.068490050673162 107.71818378578114 nan 0.2   
109 1090 0.6281840576895691 6.040261727876363 38.315318668551626 9.1121783256956121e+01 126.194669079241 169.60631159839923 13.645736863856882 123.18984600080725 nan 0.2   
110 1100 0.6539371137297596 6.169730404387921 38.315318668551626 6.8389037249866902e+01 123.2723108264231 173.19388940484342 48.77990146203622 95.75236775000009 nan 0.2   
111 1110 0.6230434284562895 6.434614751546044 38.315318668551626 7.3348388933442919e+01 129.09935005482663 141.64316062119403 9.02992781351972 122.22144352546039 nan 0.2   
112 1120 0.603981459003093 6.477594183016769 38.315318668551626 7.1178290944166179e+01 116.61188052381416 168.80114840172536 31.10012872611898 97.84356192955116 nan 0.2   
113 1130 0.5702058211713467 6.4348142443630625 38.315318668551626 8.4247870074010677e+01 127.09953583580663 170.6641115129209 50.73565300912364 106.79045023149845 nan 0.2   
114 1140 0.576802042570185 6.698509579366935 38.315318668551626 5.9663839127808274e+01 123.00978609554174 146.20404978065648 24.03172497806068 114.17326972946512 nan 0.2   
115 1150 0.5595093490430184 6.701073431721887 38.315318668551626 9.7513401599196158e+01 109.33884373342613 158.09250137994252 28.81797356169345 98.68218002711068 nan 0.2   
116 1160 0.5286851480037181 6.586982744332659 38.315318668551626 7.9065180422218603e+01 123.11049904927448 148.2371888712611 18.097760016182463 117.03675684497199 nan 0.2   
117 1170 0.5361985980304663 6.685914359406815 38.315318668551626 8.0985266857161918e+01 104.7034484095336 160.89814380991422 23.56122370851078 93.47218884269365 nan 0.2   
118 1180 0.5613342124710865 6.894668908235192 38.315318668551626 1.0822227185546731e+02 135.93420123305273 161.6592537857273 18.485423325933624 122.03817277966331 nan 0.2   
119 1190 0.5676854374523661 7.547486370341278 38.315318668551626 9.7370330044744378e+01 132.54624851214675 153.48890149847298 26.194085667390738 115.2736275691779 nan 0.2   
120 1200 0.5586535008900991 8.034039818373161 38.315318668551626 8.3075746985730063e+01 134.25667972736613 155.1025630089223 19.325308874447757 121.14219765476028 nan 0.2   
121 1210 0.5406649558335708 8.096067983196725 38.315318668551626 7.1467300678508593e+01 143.72731388464723 186.81663052511428 37.46943262651429 118.47129444345477 nan 0.2   
122 1220 0.5140192369324247 8.321568566622034 38.315318668551626 1.0659007678890593e+02 134.78394275906723 175.54209205463386 32.28126956256476 115.52333056929213 nan 0.2   
123 1230 0.47754284826227983 8.412627573977401 38.315318668551626 6.4974660098323326e+01 143.0896656238952 166.97702986419645 22.09886473234988 125.65071024035231 nan 0.2   
124 1240 0.44784345394569736 8.528912671381907 38.315318668551626 9.9300537904263635e+01 129.2325238442713 158.9916535843432 26.04562298887437 109.68562756783034 nan 0.2   
125 1250 0.3874261947993258 8.755765466490653 38.315318668551626 8.6336128986968362e+01 132.40446342246253 171.46499907938573 41.15189263910483 113.9704185387751 nan 0.2   
126 1260 0.33996192227012473 8.585360618094295 38.315318668551626 7.4091018585106994e+01 113.81250032729972 175.79829420615272 47.0657932824454 100.49390616955004 nan 0.2   
127 1270 0.31954338529366205 8.908597383658515 38.315318668551626 8.8371814586956788e+01 112.88993904020984 136.12163968651214 26.432721773478363 99.71691296314025 nan 0.2   
128 1280 0.3033100938858972 9.179134830475135 38.315318668551626 7.1886321172663827e+01 118.39772660624266 168.0770732141605 27.77310066363188 108.6760451740621 nan 0.2   
129 1290 0.27613146154276413 9.06149931823266 38.315318668551626 7.3162712147542493e+01 117.8102317235364 136.142926865887 22.352490431685666 101.76164288105134 nan 0.2   
130 1300 0.26649817333598647 9.222814954347117 38.315318668551626 6.5110904582515900e+01 120.20329902044696 140.72212051292846 34.54144393438574 89.84093910462684 nan 0.2   
131 1310 0.2725440437230536 8.982651462846176 38.315318668551626 9.3128057733395011e+01 106.86437293876646 128.84658255206554 25.044178890926773 99.67193444985027 nan 0.2   
132 1320 0.2868976453143096 8.699303628581694 38.315318668551626 7.4797946488886055e+01 112.04327168457986 136.62209139392363 8.74096675615371 105.51287907797439 nan 0.2   
133 1330 0.27253131004382813 8.347656377407768 38.315318668551626 9.0039890958269567e+01 123.67770823699504 157.9401469940155 56.4641106162275 93.95162870228792 nan 0.2   
134 1340 0.24703313803850735 8.165527083290506 38.315318668551626 8.2112823018425985e+01 118.77447570644102 143.13707042262686 34.13541326345832 103.35697499179493 nan 0.2   
135 1350 0.24143538546807333 8.212922609271256 38.315318668551626 7.3781145675002861e+01 101.02103822607563 151.07307881108096 28.642920864409234 87.23521305553325 nan 0.2   
136 1360 0.24308765352390513 8.20347784918151 38.315318668551626 8.9669044228100134e+01 104.7479566205274 120.60451428132062 5.609616744570587 102.54155004588112 nan 0.2   
137 1370 0.2434144418587433 8.111678666463476 38.315318668551626 4.8274126710202339e+01 107.92698683164657 140.20620664334027 29.258429904384883 93.08772387090114 nan 0.2   
138 1380 0.2500102345162763 7.982239470656882 38.315318668551626 7.0354165028957283e+01 110.52551722163295 137.91378728285554 17.811886807624944 95.82451045800809 nan 0.2   
139 1390 0.23446555768851937 7.906700834164911 38.315318668551626 7.8211932614190914e+01 101.15055327626813 138.1266470854768 21.02970415932471 92.4992827602041 nan 0.2   
140 1400 0.23560805569238666 7.915301911255479 38.315318668551626 7.0327857257191297e+01 99.87071545937998 121.95559024920668 25.461137916593273 84.64055734182217 nan 0.2   
141 1410 0.23307849848916906 7.5324641398901075 38.315318668551626 5.5208633966023292e+01 92.32009166907164 103.53516417237796 26.290513195243207 68.3617948594554 nan 0.2   
142 1420 0.22007241352631504 6.984268345291568 38.315318668551626 4.2330071420970093e+01 91.49632398241766 148.474570770654 33.352519789679064 75.16412673215173 nan 0.2   
143 1430 0.21035652442473451 6.679086253735275 38.315318668551626 5.0885646816226981e+01 79.92314713506065 112.07378742686605 20.79145455801624 61.80389830314496 nan 0.2   
144 1440 0.19250535871966246 6.4413387165981355 38.315318668551626 5.3072764197651388e+01 69.80977575973836 85.62569570280148 16.35941777658313 63.702562453740384 nan 0.2   
145 1450 0.16976932711159257 6.266265581566174 38.315318668551626 5.1214418772608013e+01 72.03325995513481 113.81344313264708 28.1667153389362 53.52461222317602 nan 0.2   
146 1460 0.15980251839921336 5.87294777186594 38.315318668551626 5.2806693810622079e+01 71.56493199115309 84.09642557431474 21.768870376216398 57.14082244518143 nan 0.2   
147 1470 0.1487781796842043 5.6067142017683445 38.315318668551626 5.3019234961514066e+01 69.96333312138381 115.08420227214927 10.101900153179834 62.35216881557857 nan 0.2   
148 1480 0.14247380915418684 5.423811830546127 38.315318668551626 4.7931238470103324e+01 62.21397634771188 83.57567111070843 11.402414009923405 56.8879404433645 nan 0.2   
149 1490 0.13650828483428362 5.377661862258922 38.315318668551626 4.8882867654330937e+01 59.36338242688416 78.13045771342959 9.860118673041605 53.53937455480745 nan 0.2   
150 1500 0.1361331326240178 5.2524800374286675 38.315318668551626 3.9924552588321298e+01 59.83371488531606 67.19449184771597 10.788201005466355 52.60200167137896 nan 0.2   
151 1510 0.14281893549876729 5.172928393712438 38.315318668551626 5.4446529207269208e+01 60.207512866043885 71.36835354137362 6.880664248505795 55.68105251013219 nan 0.2   
152 1520 0.13718282467161091 5.324060826934978 38.315318668551626 5.2196434423996962e+01 62.865112139300564 80.95132584039774 14.721857096212489 57.51025251901265 nan 0.2   
153 1530 0.13036558215505534 5.228212482197483 38.315318668551626 4.5982926313113339e+01 52.901077118766864 60.76782799787624 6.482514605000041 49.17655119882372 nan 0.2   
154 1540 0.11803641408153069 5.169037734412619 38.315318668551626 4.2560770702797214e+01 53.269460217088394 67.02826017670588 6.977386894528401 47.99599742844675 nan 0.2   
155 1550 0.11112050647725531 5.173666446436812 38.315318668551626 4.4994837422020069e+01 52.20737831143772 62.5740624366334 7.878594403682349 47.4596342015431 nan 0.2   
156 1560 0.10573138824089616 5.0879847372267255 38.315318668551626 3.9912859297685728e+01 49.624102604627225 54.34136949957692 9.551734736461235 42.879620225287674 nan 0.2   
157 1570 0.09661071455438194 5.165627929130156 38.315318668551626 4.0754584739174121e+01 46.580183152019835 67.2425575238795 5.9969973311766225 42.85191227677865 nan 0.2   
158 1580 0.09199327019906574 5.1266669892111905 37.958111014052875 3.7958111014052875e+01 43.63117060360136 51.40998946773152 7.020009864420437 38.94122823448007 nan 0.2   
159 1590 0.08788297754610934 5.138607578370739 32.110452054247475 3.2110452054247475e+01 42.26122460924376 49.20610009790749 7.7351021662175015 37.00021491424374 nan 0.2   
160 1600 0.0886079210537018 5.1365757312121385 31.76937270530904 3.1769372705309038e+01 42.15629214986528 44.32174222210192 6.461724873137655 36.70092474766828 nan 0.2   
161 1610 0.08535870610080513 4.985439851353316 31.76937270530904 3.4007455254034738e+01 38.91740839256233 46.50336748851127 3.4426349366304265 36.64173972298698 nan 0.2   
162 1620 0.08761899784260099 4.687162824249209 31.76937270530904 3.1998985521543986e+01 37.72588483699461 48.75080230673958 6.1934233314869545 34.445326314850334 nan 0.2   
163 1630 0.08598937745177702 4.534242763728553 31.60916867033295 3.1609168670332949e+01 35.55777975025697 40.51080122517217 3.5214425713156743 34.26310230615252 nan 0.2   
164 1640 0.08328858388525795 4.345365889566696 31.107131040494068 3.1107131040494068e+01 35.0697808309541 43.0448552980542 4.03819828076719 32.2458076615419 nan 0.2   
165 1650 0.07741787788269795 4.3123107375869125 30.963516775969325 3.0963516775969325e+01 37.059911635692174 42.43725985640538 8.193991200021443 31.943935129552557 nan 0.2   
166 1660 0.07283964542065376 4.256181829058534 30.51779178833003 3.0517791788330030e+01 33.084298365262484 36.16624094876419 2.925883838764264 31.90415414329439 nan 0.2   
167 1670 0.06824553720839906 4.239295601407179 29.811571963569648 2.9811571963569648e+01 34.38693261465889 41.41028383703927 4.272637586580117 31.731466452606824 nan 0.2   
168 1680 0.06518009468622228 4.269973206170619 29.48046958201347 2.9480469582013470e+01 31.537441512548966 35.9565376204562 1.3981872236678612 30.83532688577644 nan 0.2   
169 1690 0.06984568834409076 4.226654368977514 28.385271838617044 2.8385271838617044e+01 31.410568919284174 36.39221745242533 4.379573561715915 30.401065108530062 nan 0.2   
170 1700 0.0665660162783751 4.212694800444362 28.14306263953975 2.8143062639539750e+01 30.135946794489854 32.868096960203744 1.09032849885034 29.26341722706144 nan 0.2   
171 1710 0.06221249788917742 4.173872044404683 28.14306263953975 2.8422742081568785e+01 31.35263721803625 32.28283640838572 2.481235389721064 29.109359213831 nan 0.2   
172 1720 0.05754519308458465 4.1500694679519965 28.14306263953975 2.8308658643884598e+01 29.433706044244815 30.54947980150139 1.3767614208954342 28.69615420606941 nan 0.2   
173 1730 0.05355519369789807 4.176362641100069 27.896918071552804 2.7896918071552804e+01 29.611128569675884 32.84241064527521 2.250682040695054 28.767202184823304 nan 0.2   
174 1740 0.047215305950381904 4.143457035320573 27.896918071552804 2.8100150665098553e+01 29.319233036555218 32.23364479150736 1.5480431865442483 28.655952862612622 nan 0.2   
175 1750 0.041022326177748425 4.0241596892628175 27.21226658730174 2.7212266587301741e+01 28.71278618509892 31.494974058883898 1.7131569081887932 28.12860888078015 nan 0.2   
176 1760 0.03617731326385138 3.98315811895506 27.21226658730174 2.7702970581437782e+01 28.388334301169678 29.39554879381285 1.0716106720642387 27.777067826188798 nan 0.2   
177 1770 0.03288132478588007 3.869878836909029 27.21226658730174 2.7545079781679618e+01 27.880867931316942 29.048443946202752 0.82034859328256 27.772849056745244 nan 0.2   
178 1780 0.03086792028186662 3.692706770026243 27.21226658730174 2.7521835117652515e+01 28.054466709441982 28.492256971014726 0.1955851770816679 27.91311434082597 nan 0.2   
179 1790 0.028871366738987846 3.6250501785878595 27.21226658730174 2.7329150671057491e+01 27.68544824534193 28.020460820466383 0.15986682260151497 27.595611244469936 nan 0.2   
180 1800 0.025173025175278058 3.6410061959143083 27.21226658730174 2.7292820685217507e+01 27.595516611737807 28.114923192370057 0.16894310212053654 27.509491210629108 nan 0.2   
181 1810 0.02294025105807966 3.5935021965118716 27.21226658730174 2.7284091323700792e+01 27.50631857976326 28.01951778784472 0.48406033515452407 27.383221867631192 nan 0.2   
182 1820 0.02278136349112972 3.436875527634506 27.21226658730174 2.7271294728175079e+01 27.44414391306948 27.545685133154947 0.14219928264878945 27.351989482476597 nan 0.2   
183 1830 0.023328068984463497 3.4505416285463797 27.175403842243398 2.7175403842243398e+01 27.489270413747633 27.972563826597806 0.22916560653231954 27.36988674122992 nan 0.2   
184 1840 0.025151211081404196 3.528976964876195 27.175403842243398 2.7208243990675754e+01 27.380805911012715 27.565253044348765 0.0511641634290072 27.350696764828683 nan 0.2   
185 1850 0.026593515537673793 3.5645826665707534 27.171078220553298 2.7171078220553298e+01 27.53546962729949 27.705494632053572 0.05448986591478899 27.49488371576915 nan 0.2   
186 1860 0.02752360748669587 3.5342426777993015 27.07975227611381 2.7079752276113808e+01 27.298033095541655 27.45089455492709 0.14526232443218134 27.219034239416402 nan 0.2   
187 1870 0.02749238299460533 3.456849704889666 27.07975227611381 2.7093319453624886e+01 27.346236044146366 27.623412494857746 0.31595494643828204 27.172461701004792 nan 0.2   
188 1880 0.027691453480578665 3.3543396485090238 27.07975227611381 2.7089010446039794e+01 27.6542103308269 27.831347530025766 0.48754793451510636 27.261704127453882 nan 0.2   
189 1890 0.027239498195873377 3.237612641559159 27.07975227611381 2.7088954367299777e+01 27.403007461307396 27.67821597919665 0.2615741703113912 27.20351802145953 nan 0.2   
190 1900 0.025853850266650078 3.146551068394452 27.07975227611381 2.7114539983422020e+01 27.26964447257612 27.92664689296774 0.24379805716088754 27.173080084304317 nan 0.2   
191 1910 0.02457964424970309 3.075903120117471 27.0114206818119 2.7011420681811899e+01 27.328847533315738 27.715180007192956 0.21218683431872876 27.20969115886767 nan 0.2   
192 1920 0.023886643645579728 2.9497211020480956 26.991816272628895 2.6991816272628895e+01 27.17570911123302 27.298932999854117 0.2316390815185656 27.058282322010015 nan 0.2   
193 1930 0.024121355065327286 2.846367792160987 26.991741586045947 2.6991741586045947e+01 27.17032846407527 27.287806374780033 0.178251427490963 27.074372564717436 nan 0.2   
194 1940 0.0237098148216067 2.8386911938922106 26.991741586045947 2.7041018852688822e+01 27.17200102165029 27.329995017772006 0.22557188479257206 27.07283794118314 nan 0.2   
195 1950 0.022444158539116556 2.822784182902677 26.991741586045947 2.7039698485743685e+01 27.111407473578325 27.19810368983302 0.08803993162031531 27.058414725854476 nan 0.2   
196 1960 0.020227531419642147 2.8348539670867834 26.991741586045947 2.7028425030253345e+01 27.15185381561251 27.31062030026591 0.13430122386247945 27.04033361988381 nan 0.2   
197 1970 0.019755820174994748 2.726561599907221 26.95120369002369 2.6951203690023689e+01 27.05436076614228 27.11348075201974 0.061409341889756774 27.01611854350938 nan 0.2   
198 1980 0.01871034118950355 2.8122047838187902 26.946991910756324 2.6946991910756324e+01 27.094420085175585 27.266936629011127 0.1265704077774359 26.973919676062977 nan 0.2   
199 1990 0.018292166866251645 2.8641222992069295 26.946991910756324 2.6963297842151235e+01 27.042692220299173 27.165856886107505 0.07265695663325289 26.98641838173637 nan 0.2   
200 2000 0.017968105065018326 2.844855634487617 26.910575722642037 2.6910575722642037e+01 27.0143822544957 27.127352406083887 0.10673096978482022 26.944804375731124 nan 0.2   
201 2010 0.017414686361926647 2.842408625887544 26.910575722642037 2.6945130020012954e+01 26.997401848548463 27.1119307586239 0.08187677114072756 26.965918170206464 nan 0.2   
202 2020 0.01535014195138228 2.941194047723415 26.910575722642037 2.6927273759933087e+01 27.025534788443778 27.16154912438124 0.11666116021443429 26.960435357694237 nan 0.2   
203 2030 0.014366465449253319 2.903047916522567 26.901111455577762 2.6901111455577762e+01 26.975809012539926 27.0262225772737 0.07105754867819769 26.92118718710701 nan 0.2   
204 2040 0.013269390911518958 2.891896999823379 26.901111455577762 2.6906923928462049e+01 26.950352407286132 27.007732788869475 0.03663695604760164 26.924201997566655 nan 0.2   
205 2050 0.012049184760466545 2.8347856811260046 26.901111455577762 2.6908850970138900e+01 26.940245068955463 27.04205189724503 0.025908032044995366 26.923161319880208 nan 0.2   
206 2060 0.011597467105599257 2.741662287783356 26.901111455577762 2.6904774461994137e+01 26.91269468487505 26.952629905287893 0.02376866372060249 26.9101358894587 nan 0.2   
207 2070 0.010640219927110433 2.7333708985694467 26.89216043904503 2.6892160439045028e+01 26.93140339482953 27.014613054280275 0.03772060594535276 26.90608771481665 nan 0.2   
208 2080 0.009775487917043899 2.7034508939295727 26.888291749671822 2.6888291749671822e+01 26.899654213240794 26.924660021928588 0.016614073323495404 26.894132492624806 nan 0.2   
209 2090 0.009359483190385138 2.7475829999029453 26.8726291567463 2.6872629156746299e+01 26.900922775228437 26.93352762333518 0.018603422320737195 26.889218467351384 nan 0.2   
210 2100 0.00935585719917585 2.7513484358696143 26.870196151846756 2.6870196151846756e+01 26.890579819784804 26.921660231011018 0.022657408622606567 26.88228202813862 nan 0.2   
211 2110 0.009641800982749903 2.7139658891747698 26.870196151846756 2.6871379080008140e+01 26.890131865076555 26.930731691322876 0.014086311387373485 26.8816426741367 nan 0.2   
212 2120 0.009343051897993379 2.5736517295630565 26.870196151846756 2.6878893321884291e+01 26.901379672516427 26.912333761162785 0.022431906838576765 26.883989711944423 nan 0.2   
213 2130 0.009112836028320862 2.4674192792087695 26.870196151846756 2.6872121228942859e+01 26.893435810384986 26.91715559042541 0.022934084273487088 26.879866388533003 nan 0.2   
214 2140 0.009064722130031067 2.440035722453618 26.870196151846756 2.6876252157774118e+01 26.885081756846347 26.910111877655837 0.006757625953426327 26.880359600330422 nan 0.2   
215 2150 0.008727592251031323 2.3703332226919462 26.870196151846756 2.6877346352686800e+01 26.891793668288614 26.918696224003284 0.02719079325888174 26.882183846911985 nan 0.2   
216 2160 0.007940257107079733 2.321874255694834 26.870196151846756 2.6872007039747771e+01 26.890299090488853 26.92624125630067 0.016108906579660243 26.882139447811497 nan 0.3   
217 2170 0.007109396419465558 2.2589352263962157 26.866693819223045 2.6866693819223045e+01 26.881317082489986 26.89288520115997 0.010198563862942933 26.876047024760965 nan 0.3   
218 2180 0.006572206419153765 2.3352278516861267 26.866693819223045 2.6869800612445175e+01 26.880599649706582 26.896109815356994 0.00763193115379579 26.874068591185704 nan 0.3   
219 2190 0.005726618558521892 2.3151345790521534 26.866693819223045 2.6869490254070001e+01 26.873465479885922 26.8792018352527 0.003347536710137433 26.87191847941189 nan 0.3   
220 2200 0.005409732522337702 2.269794901017534 26.866693819223045 2.6867439114413116e+01 26.873302420440794 26.88105088470624 0.0072377975525199645 26.870894729456168 nan 0.3   
221 2210 0.005194782196851119 2.349320850162333 26.86633036042447 2.6866330360424470e+01 26.872375752734825 26.88466413956384 0.006551026771845159 26.868104013945896 nan 0.3   
222 2220 0.004798299024215028 2.271953091078979 26.865931131760334 2.6865931131760334e+01 26.869954860462684 26.878100610235094 0.007166818400264674 26.867391906374863 nan 0.3   
223 2230 0.004351520961774448 2.1930177674645304 26.865931131760334 2.6867408745748406e+01 26.868425979832693 26.8723048615675 0.0027983144014172012 26.867558272641816 nan 0.3   
224 2240 0.004286907523135518 2.1866449528843552 26.865931131760334 2.6868759409595924e+01 26.869224744071815 26.872658414687308 0.0010081660140173199 26.868836476619805 nan 0.3   
225 2250 0.004189475117675243 2.205240833728224 26.865931131760334 2.6866771862248683e+01 26.86946776051984 26.880052612429594 0.002087086847041064 26.86850164443996 nan 0.3   
226 2260 0.0037176623923463525 2.1516187300820784 26.865931131760334 2.6866528602221138e+01 26.86850521568246 26.873474255212926 0.0036960454291374845 26.867512075836885 nan 0.3   
227 2270 0.0033653263171920505 2.0728912520200033 26.86507117850124 2.6865071178501239e+01 26.868311738674905 26.869356238834698 0.002208821298069097 26.866233689410734 nan 0.3   
228 2280 0.0030627497690861416 2.0652774870990998 26.864378880405525 2.6864378880405525e+01 26.86644033865042 26.868707826378113 0.00208096985303996 26.86525016787482 nan 0.3   
229 2290 0.0027086082282689323 2.0407861071590125 26.86423009065099 2.6864230090650992e+01 26.866041192707854 26.867860707331133 0.0018777665298728152 26.86518310372162 nan 0.3   
230 2300 0.0026223418494852693 1.9899952350392758 26.86423009065099 2.6864379266034206e+01 26.865135986495275 26.8669179002045 0.0010467909772131634 26.864611241627827 nan 0.3   
231 2310 0.0025691791879531435 2.0084856791950196 26.86423009065099 2.6864565319674796e+01 26.8653182335583 26.865706354573106 0.0005738552486178605 26.86493511434645 nan 0.3   
232 2320 0.002375650972838985 2.1002077153989314 26.86423009065099 2.6864312243498887e+01 26.865123298133412 26.865853406640724 0.0006998182914088602 26.86461533833956 nan 0.3   
233 2330 0.0021305482633190947 2.0078484067255147 26.86420303124369 2.6864203031243690e+01 26.864742525445465 26.865606809863564 0.0011259506193113111 26.86431262740379 nan 0.3   
234 2340 0.0019090964495461636 2.0135296797069206 26.864138637163478 2.6864138637163478e+01 26.864721932938508 26.865783399598484 0.00038122243648786025 26.86460182837311 nan 0.3   
235 2350 0.0017511714330580958 2.011345538929426 26.864138637163478 2.6864258070179588e+01 26.864501086846943 26.86506957102543 0.0004359034466006051 26.864384057914364 nan 0.3   
236 2360 0.0015884737928481636 2.0417629887119464 26.864138637163478 2.6864172719993974e+01 26.864643541051976 26.86524839934779 0.00045997420299670466 26.86425451300957 nan 0.3   
237 2370 0.001426830359326591 2.0383633557708047 26.86409661660464 2.6864096616604641e+01 26.86450344356554 26.865067109826967 0.0003642513980679496 26.864277317245524 nan 0.3   
238 2380 0.0012498192609950347 1.9835745916896288 26.86409661660464 2.6864099240367409e+01 26.86435318673057 26.86469308147322 0.0001377873223447068 26.86425155546705 nan 0.3   
239 2390 0.0012032590109904294 2.0195375586497915 26.86405901376321 2.6864059013763210e+01 26.864251766738107 26.864403453781193 0.0001380185742902995 26.864166483202183 nan 0.3   
240 2400 0.0011318374843848394 1.9516387400827222 26.864050174714748 2.6864050174714748e+01 26.86421240332342 26.864452825063452 0.00014080891314449673 26.864152057161007 nan 0.3   
241 2410 0.0011238206529199913 2.0089064574595845 26.864050174714748 2.6864106586519739e+01 26.864310489942397 26.864389965408378 0.00022475719461567678 26.864147556355704 nan 0.3   
242 2420 0.0010632793637341304 2.0038237900659563 26.863995812848785 2.6863995812848785e+01 26.864220685920415 26.86430721309827 0.00018695883349550968 26.864077553158964 nan 0.3   
243 2430 0.0010102529975498183 2.024791695016937 26.863995812848785 2.6864028425867630e+01 26.864193248159395 26.864287862655246 9.669958836866499e-05 26.864114576173563 nan 0.3   
244 2440 0.0008940764798375878 2.0420113157789066 26.86395735682588 2.6863957356825878e+01 26.864125425630732 26.86419080846173 7.991811655472247e-05 26.864093313553397 nan 0.3   
245 2450 0.0008376607785439938 2.038714758796579 26.86395735682588 2.6863976911041476e+01 26.864069223446265 26.864284223276456 0.00011074035754177203 26.863990477531445 nan 0.3   
246 2460 0.0007939188488334787 2.0635748591950165 26.863923642168402 2.6863923642168402e+01 26.864061480115126 26.864173122371696 0.00013303520110241607 26.863960725473973 nan 0.3   
247 2470 0.0007723753920758078 2.0993853938948637 26.863905426289264 2.6863905426289264e+01 26.86397283412063 26.864066734721433 6.339271689626003e-05 26.8639372424948 nan 0.3   
248 2480 0.0007286371110230834 2.0004589627394584 26.863905426289264 2.6863915593438051e+01 26.863981222415376 26.86406665761504 5.0284785615417604e-05 26.863955389798477 nan 0.3   
249 2490 0.0007075629041174647 2.1257881177431694 26.863905426289264 2.6863920969100988e+01 26.863961949494936 26.864024756200337 3.7599374891783555e-05 26.86394213561543 nan 0.3   
250 2500 0.0006641929622633002 2.1579396419831767 26.863905425680827 2.6863905425680827e+01 26.86395163104845 26.864029166492585 7.763696208940019e-05 26.863921042310494 nan 0.3   
251 2510 0.0006411716920356629 2.17361602282192 26.86388573927968 2.6863885739279681e+01 26.863964771388737 26.864029808335232 9.321968374820244e-05 26.863909341999744 nan 0.3   
252 2520 0.0006462200406040505 2.0528602983139566 26.86388573927968 2.6863892525463939e+01 26.863938523694372 26.86406504038763 3.610191230052351e-05 26.863903216758814 nan 0.3   
253 2530 0.0006245004001421429 1.9497198151511257 26.863881094307857 2.6863881094307857e+01 26.863911845384337 26.863939450965688 2.0353342037537914e-05 26.863895587241032 nan 0.3   
254 2540 0.0005809960757321561 1.9073566446921788 26.863881094307857 2.6863887095557644e+01 26.86392217469168 26.863949217494437 2.9041473212032543e-05 26.863898323959162 nan 0.3   
255 2550 0.0005302261933629214 1.9477096110608365 26.863875361801533 2.6863875361801533e+01 26.863914812686943 26.86392987772524 3.207481779554655e-05 26.86389393499259 nan 0.3   
256 2560 0.0004820243697662368 2.0047978393805406 26.863875361801533 2.6863877789817479e+01 26.863907341688275 26.863953234199528 2.3177324891321405e-05 26.863896169266837 nan 0.3   
257 2570 0.000468531416280069 2.013575634020335 26.863847926800204 2.6863847926800204e+01 26.863893897567635 26.86391966436014 2.7855814266786183e-05 26.863879021808486 nan 0.3   
258 2580 0.0004902065213772868 1.949483049690096 26.863847926800204 2.6863850723014309e+01 26.863872314017144 26.863891288914004 2.29886744449459e-05 26.863856269681833 nan 0.3   
259 2590 0.000515632955646666 1.9559122238113789 26.863847926800204 2.6863848321432116e+01 26.863865666822107 26.86388338365279 1.7837315553492772e-05 26.863860262767076 nan 0.3   
260 2600 0.0005152080159970394 2.017714915017599 26.863847926800204 2.6863859090984533e+01 26.86387044253655 26.86388356742475 1.5570717025070735e-05 26.863861583149415 nan 0.3   
261 2610 0.0005104049263728368 2.0698820646387968 26.863847926800204 2.6863851121138055e+01 26.863880166457406 26.863913592546993 2.975151910789009e-05 26.863857090414186 nan 0.3   
262 2620 0.000547786990593113 2.037511502189862 26.863847926800204 2.6863848880825458e+01 26.86386022192177 26.863885439200402 1.965943030768358e-05 26.863850172647048 nan 0.3   
263 2630 0.0005252221303582174 2.0183134136608003 26.863847926800204 2.6863850826328843e+01 26.863861354881493 26.86391890314401 1.970047610200254e-05 26.863858156187604 nan 0.3   
264 2640 0.0004817114032455116 2.0160856685217126 26.863847926800204 2.6863850335010881e+01 26.863870363094847 26.863951342765176 2.0518592876328512e-05 26.863857424805857 nan 0.3   
265 2650 0.0004292071718538784 2.0041776269143807 26.86383555875193 2.6863835558751930e+01 26.863860633434513 26.863889620791227 1.8664937286416716e-05 26.86384986729793 nan 0.3   
266 2660 0.00038384469261266193 2.004069612477699 26.86383555875193 2.6863838567853776e+01 26.863843939218256 26.863856530628425 4.637159875642283e-06 26.86384178257579 nan 0.3   
267 2670 0.00036377162818034377 1.9971527510691909 26.86383555875193 2.6863839675587769e+01 26.863851115885552 26.86385645391357 4.714226491842055e-06 26.863847764178743 nan 0.3   
268 2680 0.0003331159037480217 2.044548744064722 26.86383555875193 2.6863836981707038e+01 26.86384574200764 26.863849389963008 7.507767975312163e-06 26.86384113142381 nan 0.3   
269 2690 0.0002974517651467029 2.0324058766936335 26.863835307825582 2.6863835307825582e+01 26.86384003106089 26.863853624557862 7.32173384676571e-06 26.86383784183407 nan 0.3   
270 2700 0.00027678358289564187 1.9793458580760332 26.863831544912728 2.6863831544912728e+01 26.86383549549771 26.86384214501264 4.919798570313105e-06 26.863832752250232 nan 0.3   
271 2710 0.00027067566870426905 2.007624657256553 26.863831544912728 2.6863833448398523e+01 26.8638352884455 26.86383841549666 2.1970312360508615e-06 26.863834543508517 nan 0.3   
272 2720 0.0002521855385748829 1.9530752885537763 26.863831544912728 2.6863835202915155e+01 26.863837219694574 26.86384721999312 5.259355006614896e-06 26.863836328960716 nan 0.3   
273 2730 0.0002244592973169582 1.9053154177768974 26.86383150478173 2.6863831504781729e+01 26.86383606053475 26.863842622524942 4.8604578921640496e-06 26.863832046704587 nan 0.3   
274 2740 0.00019963143572587267 1.9136991670721104 26.863830421258 2.6863830421258001e+01 26.86383234762262 26.863843441694428 1.226645494512013e-06 26.86383190513922 nan 0.3   
275 2750 0.000185241662611492 1.9337181981357916 26.863830421258 2.6863830865994387e+01 26.86383313329266 26.86383917676136 2.4896083061776153e-06 26.863832427991426 nan 0.3   
276 2760 0.00016794056924765888 1.9321516187326748 26.863830421258 2.6863830783371000e+01 26.863831452936196 26.863834290632298 1.6427416795750105e-06 26.863830955866348 nan 0.3   
277 2770 0.00015551109932197027 1.91921006434642 26.863830068625887 2.6863830068625887e+01 26.863832455622074 26.863833863521734 1.368686980640632e-06 26.863831985683376 nan 0.3   
278 2780 0.00014827022508500994 1.8653300313860868 26.863830068625887 2.6863830210564331e+01 26.863831564119508 26.863834447667926 1.2973512610869875e-06 26.863830591937173 nan 0.3   
279 2790 0.0001394111045648257 1.8441944828492756 26.863830068625887 2.6863830076752407e+01 26.863831164967266 26.863832650661067 7.860871988896179e-07 26.86383073477272 nan 0.3   
280 2800 0.00013172930285430516 1.866822052715336 26.863829972724687 2.6863829972724687e+01 26.86383086184476 26.86383235141959 6.604224154216354e-07 26.86383050679217 nan 0.3   
281 2810 0.00012930692468059366 1.86410002365445 26.863829755980618 2.6863829755980618e+01 26.863830725588315 26.86383278014135 7.926932141799625e-07 26.863830045031648 nan 0.3   
282 2820 0.00012056740856867485 1.8186490948616918 26.86382920575744 2.6863829205757440e+01 26.863829931242165 26.863830558220812 6.487765205065443e-07 26.863829645429306 nan 0.3   
283 2830 0.00011839148472228923 1.816370848060776 26.86382920575744 2.6863829891954566e+01 26.863830481234544 26.863832447590212 7.378339432762004e-07 26.863830208095777 nan 0.3   
284 2840 0.00010698459405177914 1.8193134275525717 26.86382920575744 2.6863829800334486e+01 26.86382993085742 26.863832569242902 3.314862908609939e-07 26.86382985212802 nan 0.3   
285 2850 9.654706016693622e-05 1.7703443756438433 26.86382920575744 2.6863829422241679e+01 26.863830004226642 26.86383132762458 9.689885871466686e-07 26.863829559123346 nan 0.3   
286 2860 9.01629355452922e-05 1.7802525902370756 26.86382920575744 2.6863829273564207e+01 26.863829634559494 26.863829955029942 4.0635291043145116e-07 26.863829362866156 nan 0.3   
287 2870 8.388888595719414e-05 1.7614396464189124 26.86382919133618 2.6863829191336180e+01 26.863829813375474 26.863830327802702 4.230757753020953e-07 26.863829492111208 nan 0.3   
288 2880 8.411498174496458e-05 1.808632462720355 26.863829073345812 2.6863829073345812e+01 26.863829477310475 26.863829881208034 2.7197613405860466e-07 26.86382925493642 nan 0.3   
289 2890 7.997923824956957e-05 1.7788423907544637 26.863829073345812 2.6863829313952223e+01 26.863829628811416 26.863830010492734 3.794791041400458e-07 26.86382938365 nan 0.3   
290 2900 7.339870570824815e-05 1.7927541358687278 26.863829073345812 2.6863829125164827e+01 26.86382951531745 26.863829641044916 2.540156458508136e-07 26.86382932491884 nan 0.3   
291 2910 6.963683184161302e-05 1.804982454348111 26.863829073345812 2.6863829256376263e+01 26.86382945176257 26.863829722492 1.88930201261428e-07 26.86382932084844 nan 0.3   
292 2920 6.431229378003633e-05 1.7817582500598828 26.863829073345812 2.6863829195361959e+01 26.86382940476483 26.863829563991402 2.418180855556784e-07 26.863829233250527 nan 0.3   
293 2930 5.5806187024280964e-05 1.7627918236013522 26.863829046029394 2.6863829046029394e+01 26.863829299587294 26.863829749694617 2.917772263799634e-07 26.863829213261226 nan 0.3   
294 2940 5.017677171482259e-05 1.7774625827167987 26.863829046029394 2.6863829138389278e+01 26.863829216343902 26.863829316606626 9.131022693509294e-08 26.863829173234294 nan 0.3   
295 2950 4.318842177644651e-05 1.7865694828121894 26.863829046029394 2.6863829059925536e+01 26.86382924426178 26.863829359970993 1.2499998547355062e-07 26.86382920038963 nan 0.3   
296 2960 4.031521068636164e-05 1.7789448849881735 26.863829041839963 2.6863829041839963e+01 26.86382912642324 26.863829404277794 2.2208064365258906e-07 26.86382906523174 nan 0.3   
297 2970 3.865875164274263e-05 1.7285354966721391 26.863828996029696 2.6863828996029696e+01 26.863829084985426 26.8638292540476 1.2006520933027787e-07 26.863829041303504 nan 0.3   
298 2980 3.6041580469578555e-05 1.7318715489635206 26.863828996029696 2.6863829044442511e+01 26.8638290868456 26.863829176896985 5.585317808254331e-08 26.863829068253537 nan 0.3   
299 2990 3.4877332733867977e-05 1.7295428462615925 26.863828996029696 2.6863829038224196e+01 26.86382907104317 26.86382912610368 4.530315322881506e-08 26.863829051836333 nan 0.3   
300 3000 3.3549851035906846e-05 1.7815251452263632 26.863828996029696 2.6863829017628149e+01 26.863829083160326 26.863829140838845 6.059534030100622e-08 26.86382905052089 nan 0.3   
301 3010 3.112083006530782e-05 1.834902402333276 26.863828986679408 2.6863828986679408e+01 26.863829047822733 26.863829105859054 2.4481096261297353e-08 26.86382903578324 nan 0.3   
302 3020 2.8208708260948654e-05 1.8395964200924257 26.86382898409481 2.6863828984094809e+01 26.86382902049084 26.863829157830082 2.8837234822276514e-08 26.863829011386656 nan 0.3   
303 3030 2.74574090616643e-05 1.8300082886687916 26.86382898409481 2.6863828985974806e+01 26.863829012922707 26.86382907442325 2.515439234684891e-08 26.863828994615233 nan 0.3   
304 3040 2.5471524899414146e-05 1.8029005502358937 26.86382897418423 2.6863828974184230e+01 26.86382900592028 26.863829055026187 3.7896967342021526e-08 26.86382898228851 nan 0.3   
305 3050 2.4838491012660393e-05 1.871991427415266 26.86382897418423 2.6863828974876483e+01 26.863828993684763 26.86382903509555 1.5131504937926366e-08 26.86382898641081 nan 0.3   
306 3060 2.3969779237533915e-05 1.8685487561973564 26.86382897418423 2.6863828982970716e+01 26.86382899325362 26.863829022116093 1.9749919033529295e-08 26.863828984008194 nan 0.3   
307 3070 2.3855155093658017e-05 1.8526556803496959 26.86382897418423 2.6863828974792057e+01 26.86382901141478 26.86382904689148 2.1585307763416495e-08 26.86382900138213 nan 0.3   
308 3080 2.3870115599089952e-05 1.8484170388788748 26.86382897418423 2.6863828985587588e+01 26.863829001219912 26.86382902297352 1.8536610468800063e-08 26.863828987180057 nan 0.3   
309 3090 2.1809567514265224e-05 1.915045351230136 26.86382897418423 2.6863828980660671e+01 26.863829015177842 26.863829050418587 3.009634497175284e-08 26.86382899587818 nan 0.3   
310 3100 1.9687230584072398e-05 1.9377330920123281 26.863828969361947 2.6863828969361947e+01 26.86382898872054 26.86382899546723 9.47463263401005e-09 26.86382898332687 nan 0.3   
311 3110 1.940493366552628e-05 1.9450035565435648 26.863828964950486 2.6863828964950486e+01 26.863828980511485 26.863829005837644 2.4875689064174367e-08 26.863828969778936 nan 0.3   
312 3120 1.784330555862424e-05 1.8841037906472304 26.863828963943263 2.6863828963943263e+01 26.86382897621357 26.863829006595978 1.0998206789736287e-08 26.86382897181032 nan 0.3   
313 3130 1.642988494541994e-05 1.814881172963441 26.863828963943263 2.6863828967857614e+01 26.86382897438031 26.86382898470397 7.632792176082148e-09 26.863828970992316 nan 0.3   
314 3140 1.4900666975662171e-05 1.85515747164278 26.863828962805826 2.6863828962805826e+01 26.86382897751551 26.863828985662053 1.0863331567634305e-08 26.86382897220787 nan 0.3   
315 3150 1.3812159652373056e-05 1.832268075540426 26.863828962805826 2.6863828964904286e+01 26.86382897120417 26.86382897292428 6.9298096150305355e-09 26.86382896546428 nan 0.3   
316 3160 1.283826909978505e-05 1.8767379385477525 26.863828962805826 2.6863828963933742e+01 26.863828968567674 26.863828974859842 4.724114432974602e-09 26.863828964990745 nan 0.3   
317 3170 1.2044963772899708e-05 1.8708580535454735 26.863828962805826 2.6863828963966768e+01 26.863828970597012 26.86382897284848 5.246107548373402e-09 26.86382896703465 nan 0.3   
318 3180 1.0434603737858649e-05 1.9836407389060475 26.863828961710382 2.6863828961710382e+01 26.863828968724633 26.863828978103584 6.337501190500916e-09 26.86382896677179 nan 0.3   
319 3190 9.782628927576148e-06 1.8826065674530692 26.863828961710382 2.6863828963491017e+01 26.86382896520034 26.863828969517286 4.226052396916202e-09 26.863828964077285 nan 0.3   
320 3200 9.452087499107044e-06 1.9011038973301144 26.863828961710382 2.6863828963615831e+01 26.86382896656545 26.86382897152606 3.1632225727662444e-09 26.863828964957918 nan 0.3   
321 3210 8.69442730717128e-06 1.868424419390678 26.863828961710382 2.6863828963052029e+01 26.86382896512984 26.863828971025413 3.444014851083921e-09 26.86382896427112 nan 0.3   
322 3220 8.661350620328837e-06 1.8513704714653045 26.863828961710382 2.6863828963833015e+01 26.863828966156603 26.86382896858244 2.219749717369268e-09 26.863828964202284 nan 0.3   
323 3230 8.464088546195213e-06 1.9344380184825845 26.863828961710382 2.6863828962261209e+01 26.863828964832976 26.863828974827882 2.1342145828384673e-09 26.863828963164693 nan 0.3   
324 3240 7.890543503995882e-06 1.9274105817884113 26.863828960607634 2.6863828960607634e+01 26.863828964324654 26.863828967328118 4.78726747132896e-09 26.86382896105934 nan 0.3   
325 3250 7.461475618716009e-06 1.9816674419867035 26.863828960228943 2.6863828960228943e+01 26.86382896246009 26.863828964120373 2.5931683467206312e-09 26.863828961220676 nan 0.3   
326 3260 6.992631659027604e-06 1.9960430182309408 26.863828960228943 2.6863828960300822e+01 26.8638289618233 26.863828962776694 1.0985274911945453e-09 26.8638289610752 nan 0.3   
327 3270 6.9086951753782896e-06 2.0992972789994324 26.863828960228943 2.6863828960592855e+01 26.863828961410093 26.86382896344969 7.938893986647599e-10 26.863828960750325 nan 0.3   
328 3280 6.594775770895769e-06 2.0585020388814868 26.863828960228943 2.6863828960557555e+01 26.86382896178715 26.863828964974374 1.4879475429552258e-09 26.863828960907924 nan 0.3   
329 3290 6.012968959980093e-06 2.0696534656380448 26.863828960228943 2.6863828960426986e+01 26.86382896143506 26.863828962061945 7.792948508722475e-10 26.863828960935223 nan 0.3   
330 3300 5.522590638465063e-06 2.2699806277033203 26.863828960023213 2.6863828960023213e+01 26.863828960813166 26.8638289623364 6.644711447734153e-10 26.863828960611528 nan 0.3   
331 3310 5.23098899406935e-06 2.2296293617953196 26.863828959328913 2.6863828959328913e+01 26.86382896024513 26.863828961607226 8.698890496816603e-10 26.863828959945067 nan 0.3   
332 3320 4.984836839382414e-06 2.200722784748111 26.863828959328913 2.6863828959501362e+01 26.863828960201275 26.863828961376427 5.325944130163407e-10 26.86382895983992 nan 0.4   
333 3330 4.848117163548286e-06 2.1309881323288344 26.86382895930126 2.6863828959301259e+01 26.86382895966446 26.863828961162227 5.23542098562757e-10 26.863828959482106 nan 0.4   
334 3340 4.924940621095504e-06 1.9684992653437265 26.86382895930126 2.6863828959376605e+01 26.863828959891833 26.86382896047536 4.0117242861015256e-10 26.86382895961836 nan 0.4   
335 3350 5.03018829365076e-06 1.8174570599377737 26.863828959273903 2.6863828959273903e+01 26.86382895975403 26.86382896063577 4.3706904762075283e-10 26.863828959519253 nan 0.4   
336 3360 4.8105137506752115e-06 1.8255725633363817 26.86382895915986 2.6863828959159861e+01 26.863828959716102 26.86382896005287 3.3573144264664734e-10 26.86382895944179 nan 0.4   
337 3370 4.277442038158224e-06 1.8226609977022645 26.86382895915986 2.6863828959330647e+01 26.863828959837164 26.8638289604105 6.472333780038753e-10 26.86382895957881 nan 0.4   
338 3380 3.921899885315077e-06 1.8465091185494762 26.86382895915986 2.6863828959209201e+01 26.86382895956436 26.863828959835814 4.0971315229398897e-10 26.863828959302964 nan 0.4   
339 3390 3.3606528913708854e-06 1.8558483969964055 26.86382895910735 2.6863828959107352e+01 26.863828959401303 26.86382895977887 2.951736632894608e-10 26.863828959299767 nan 0.4   
340 3400 2.8695615570017227e-06 1.8702981869768363 26.863828959096708 2.6863828959096708e+01 26.863828959350485 26.863828959556997 2.3520385639130836e-10 26.863828959263145 nan 0.4   
341 3410 2.705702529022965e-06 1.9157719878546648 26.863828959065984 2.6863828959065984e+01 26.86382895917893 26.863828959823408 1.1550582712516189e-10 26.863828959160074 nan 0.4   
342 3420 2.5676914909263146e-06 1.8833396533252933 26.863828959065984 2.6863828959144115e+01 26.863828959236997 26.8638289594183 1.0803091754496563e-10 26.863828959161793 nan 0.4   
343 3430 2.3844978036247334e-06 1.901468997151122 26.863828959065984 2.6863828959101781e+01 26.863828959220484 26.863828959453087 8.625988812127616e-11 26.863828959168785 nan 0.4   
344 3440 2.086727285475522e-06 1.9152798688967343 26.86382895905348 2.6863828959053478e+01 26.86382895914967 26.86382895926826 5.7411853049416095e-11 26.863828959105504 nan 0.4   
345 3450 1.8218886329053206e-06 1.9531868375924326 26.86382895905348 2.6863828959057301e+01 26.86382895913235 26.863828959256864 5.162803518032888e-11 26.86382895910421 nan 0.4   
346 3460 1.6946877016528856e-06 1.97709739648476 26.863828959044653 2.6863828959044653e+01 26.863828959146105 26.86382895923431 9.052314453583676e-11 26.863828959072592 nan 0.4   
347 3470 1.5980446555860452e-06 1.9713144399903342 26.863828959028794 2.6863828959028794e+01 26.86382895910478 26.86382895914953 7.52180540075642e-11 26.863828959049002 nan 0.4   
348 3480 1.5589598627159517e-06 1.9760815245635763 26.863828959022783 2.6863828959022783e+01 26.863828959063696 26.863828959136157 4.9325876716466155e-11 26.863828959044895 nan 0.4   
349 3490 1.4783070389700147e-06 1.8878129501560534 26.863828959017425 2.6863828959017425e+01 26.86382895904879 26.863828959115835 4.172306944383308e-11 26.863828959042593 nan 0.4   
350 3500 1.3688738432361985e-06 1.8690838891138886 26.863828959017425 2.6863828959028567e+01 26.863828959056065 26.863828959102165 3.5697667044587433e-11 26.863828959038017 nan 0.4   
351 3510 1.2888953394356727e-06 1.9260285887853712 26.863828959017425 2.6863828959019500e+01 26.863828959046202 26.863828959088266 2.9174884730309714e-11 26.863828959034137 nan 0.4   
352 3520 1.17432964290998e-06 1.892423198707736 26.863828959013617 2.6863828959013617e+01 26.86382895903347 26.8638289590572 1.1183942660863977e-11 26.863828959031295 nan 0.4   
353 3530 1.0725627767862708e-06 1.9893264246050977 26.863828959004863 2.6863828959004863e+01 26.863828959038457 26.86382895905399 2.447109181957785e-11 26.86382895902325 nan 0.4   
354 3540 9.345393153924476e-07 1.9674214392294298 26.863828959003285 2.6863828959003285e+01 26.863828959019415 26.863828959064946 1.368505309073953e-11 26.863828959013603 nan 0.4   
355 3550 9.258528672168758e-07 1.9851403238914687 26.863828959003285 2.6863828959004167e+01 26.863828959013404 26.86382895903121 1.6754597709223162e-11 26.86382895900897 nan 0.4   
356 3560 8.380090209437538e-07 2.0128970590818676 26.863828958999676 2.6863828958999676e+01 26.863828959012196 26.863828959017425 7.602807272633072e-12 26.863828959008032 nan 0.4   
357 3570 8.24143318742029e-07 2.065177891973542 26.863828958999676 2.6863828959005104e+01 26.86382895901066 26.86382895901683 6.480149750132114e-12 26.863828959008018 nan 0.4   
358 3580 8.010974191708311e-07 2.056703192917727 26.863828958999676 2.6863828959004664e+01 26.863828959017965 26.863828959029746 1.688249540165998e-11 26.863828959006867 nan 0.4   
359 3590 7.990249113279109e-07 2.066033081251986 26.863828958999676 2.6863828959004536e+01 26.863828959009652 26.863828959019017 9.833911462919787e-12 26.86382895900526 nan 0.4   
360 3600 7.4169178092021e-07 2.0603075500376193 26.863828958999676 2.6863828959000486e+01 26.86382895901312 26.86382895902048 7.915446076367516e-12 26.863828959008472 nan 0.4   
361 3610 6.39126866697448e-07 2.075507158243874 26.863828958999676 2.6863828959001609e+01 26.86382895901167 26.86382895902129 1.0373923942097463e-11 26.863828959003683 nan 0.4   
362 3620 5.931692508281923e-07 2.1151114641953495 26.863828958995697 2.6863828958995697e+01 26.863828959005815 26.863828959013745 6.0111915445304476e-12 26.863828959000884 nan 0.4   
363 3630 5.421210812377648e-07 2.1232378195406265 26.863828958995697 2.6863828958997658e+01 26.86382895899996 26.86382895900681 3.424815986363683e-12 26.863828958998894 nan 0.4   
364 3640 5.013365974744227e-07 2.1361173239080467 26.863828958995697 2.6863828958996635e+01 26.863828959000656 26.863828959005247 3.0411229090532288e-12 26.86382895899999 nan 0.4   
365 3650 4.848283605651818e-07 2.104222145631214 26.863828958995697 2.6863828958996592e+01 26.863828959001054 26.863828959004337 1.7337242752546445e-12 26.863828958999846 nan 0.4   
366 3660 4.35292857881658e-07 2.152833633481437 26.863828958995697 2.6863828958996166e+01 26.863828958999008 26.863828959001296 9.947598300641403e-13 26.863828958998425 nan 0.4   
367 3670 4.1721518659687445e-07 2.1830141242335577 26.863828958995697 2.6863828958996791e+01 26.863828958998795 26.86382895900246 2.2168933355715126e-12 26.863828958997345 nan 0.4   
368 3680 3.95992404593485e-07 2.156320862653166 26.863828958995697 2.6863828958996834e+01 26.863828958997757 26.863828959001708 1.7479351299698465e-12 26.863828958997203 nan 0.4   
369 3690 3.6414676596761503e-07 2.212095930642491 26.863828958995498 2.6863828958995498e+01 26.863828958997544 26.863828959000244 2.8848035071860068e-12 26.86382895899591 nan 0.4   
370 3700 3.163772498745776e-07 2.2419107737952197 26.863828958995498 2.6863828958995867e+01 26.86382895899642 26.863828958999733 1.0516032489249483e-12 26.863828958996095 nan 0.4   
371 3710 2.9961989717525496e-07 2.219171835739775 26.863828958995498 2.6863828958995654e+01 26.86382895899615 26.863828958997274 5.684341886080801e-13 26.86382895899601 nan 0.4   
372 3720 2.7666600429543923e-07 2.2042595696773386 26.863828958995498 2.6863828958995654e+01 26.86382895899669 26.863828958997075 9.521272659185342e-13 26.86382895899591 nan 0.4   
373 3730 2.4356364383289965e-07 2.15617567233135 26.863828958994972 2.6863828958994972e+01 26.86382895899645 26.863828958998766 9.521272659185342e-13 26.86382895899588 nan 0.4   
374 3740 2.3916707449358327e-07 2.152287516175104 26.863828958994972 2.6863828958995185e+01 26.86382895899571 26.863828958997857 3.694822225952521e-13 26.863828958995526 nan 0.4   
375 3750 2.2766145889806902e-07 2.119300633853172 26.863828958994873 2.6863828958994873e+01 26.863828958996123 26.863828958996635 6.679101716144942e-13 26.863828958995526 nan 0.4   
376 3760 2.2128042261598788e-07 2.125750741088357 26.863828958994873 2.6863828958995057e+01 26.863828958995555 26.86382895899635 3.979039320256561e-13 26.86382895899534 nan 0.4   
377 3770 2.2207628763728333e-07 2.079036313449139 26.863828958994873 2.6863828958995228e+01 26.863828958995825 26.86382895899638 7.389644451905042e-13 26.86382895899537 nan 0.4   
378 3780 2.1626916510625576e-07 2.003083572661337 26.863828958994873 2.6863828958995057e+01 26.863828958995256 26.863828958996436 1.8474111129762605e-13 26.863828958995157 nan 0.4   
379 3790 2.0393160144950557e-07 2.0228257064375335 26.86382895899473 2.6863828958994731e+01 26.86382895899567 26.863828958996322 4.973799150320701e-13 26.86382895899527 nan 0.4   
380 3800 2.027318215041079e-07 1.9854596961199258 26.86382895899473 2.6863828958994930e+01 26.8638289589952 26.86382895899561 3.836930773104541e-13 26.863828958995015 nan 0.4   
381 3810 1.930072437181034e-07 2.0226438046558166 26.86382895899473 2.6863828958994773e+01 26.863828958995143 26.863828958995825 2.8421709430404007e-13 26.8638289589949 nan 0.4   
382 3820 1.7623632701475588e-07 1.9417808169661797 26.86382895899473 2.6863828958994901e+01 26.863828958995043 26.863828958995427 3.410605131648481e-13 26.86382895899493 nan 0.4   
383 3830 1.59080440462215e-07 1.956241455680421 26.86382895899473 2.6863828958994773e+01 26.863828958994986 26.8638289589954 1.8474111129762605e-13 26.8638289589949 nan 0.4   
384 3840 1.448437991735418e-07 1.890488961982881 26.86382895899473 2.6863828958994731e+01 26.863828958994887 26.863828958994958 9.947598300641403e-14 26.863828958994816 nan 0.4   
385 3850 1.3252016140383963e-07 1.9840921596191758 26.863828958994702 2.6863828958994702e+01 26.8638289589949 26.863828958995228 2.5579538487363607e-13 26.86382895899476 nan 0.4   
386 3860 1.1408684007360189e-07 2.002859625946784 26.86382895899463 2.6863828958994631e+01 26.863828958994816 26.86382895899507 1.9895196601282805e-13 26.863828958994702 nan 0.4   
387 3870 1.0549777345699526e-07 2.023770150402911 26.86382895899463 2.6863828958994645e+01 26.86382895899476 26.86382895899486 9.947598300641403e-14 26.863828958994674 nan 0.4   
388 3880 1.064842312001572e-07 2.0329548174017544 26.863828958994603 2.6863828958994603e+01 26.86382895899473 26.863828958994844 9.947598300641403e-14 26.86382895899466 nan 0.4   
389 3890 9.78128313487879e-08 2.0538972468344867 26.863828958994603 2.6863828958994645e+01 26.86382895899473 26.863828958994844 1.1368683772161603e-13 26.86382895899466 nan 0.4   
390 3900 9.332190939407687e-08 2.0631116540703567 26.863828958994603 2.6863828958994617e+01 26.863828958994688 26.86382895899483 7.105427357601002e-14 26.86382895899463 nan 0.4   
391 3910 8.630366737042479e-08 2.027502619420573 26.863828958994603 2.6863828958994645e+01 26.863828958994688 26.863828958994887 8.526512829121202e-14 26.863828958994645 nan 0.4   
392 3920 7.548666092025205e-08 2.0613142580931365 26.863828958994603 2.6863828958994617e+01 26.86382895899466 26.863828958994702 4.263256414560601e-14 26.863828958994645 nan 0.4   
393 3930 6.870209805453018e-08 2.0459891761133915 26.863828958994603 2.6863828958994617e+01 26.863828958994645 26.863828958994674 2.842170943040401e-14 26.86382895899463 nan 0.4   
394 3940 5.909407348128169e-08 2.0716806875257707 26.863828958994603 2.6863828958994617e+01 26.863828958994645 26.86382895899473 1.4210854715202004e-14 26.86382895899463 nan 0.4   
395 3950 5.359095739684088e-08 2.1216458877619155 26.86382895899459 2.6863828958994588e+01 26.863828958994603 26.86382895899463 1.4210854715202004e-14 26.863828958994603 nan 0.4   
396 3960 5.157402564498336e-08 2.173864484431953 26.86382895899459 2.6863828958994588e+01 26.863828958994603 26.863828958994645 2.842170943040401e-14 26.86382895899459 nan 0.4   
397 3970 4.705870186556187e-08 2.1013354536014925 26.86382895899459 2.6863828958994588e+01 26.863828958994603 26.863828958994645 1.4210854715202004e-14 26.86382895899459 nan 0.4   
398 3980 4.495203500010242e-08 2.0501244722042675 26.86382895899459 2.6863828958994588e+01 26.863828958994603 26.863828958994617 1.4210854715202004e-14 26.86382895899459 nan 0.4   
