% # columns="iteration, evaluation, sigma, void, void,  stds==sigma*sigma_vec.scaling*sqrt(diag(C))", seed=515868, Mon Mar  2 21:33:19 2026, <python>{}</python>
1 10 0.44572367372837013 0 0 0.4422729428901909 0.4391750062620409 0.4381565566612757 0.4375202152997006 0.4569680439466267 0.4401643459044807 0.44014918787801843 0.4278566170707992 0.4422375114253999 0.4430604460562957
2 20 0.4319875774881684 0 0 0.43085457252080706 0.41660625916406324 0.41987927021197163 0.43137616117112104 0.4279716506902026 0.4446129220700914 0.4281459423829826 0.3997965387493996 0.42973305315883364 0.4303375515869544
3 30 0.4114294590319871 0 0 0.41581858270788574 0.3957023678893197 0.39906230303104473 0.40855601727880864 0.4054805734055569 0.42652559214181146 0.39014134537688505 0.37298235173649685 0.4088933631854542 0.40630947700150555
4 40 0.40359677771771285 0 0 0.4002581183617411 0.37239162641323825 0.40381333924496726 0.40474115892946744 0.3939606168430187 0.4155103058862923 0.3879502449534404 0.3642906454537195 0.3927593439819232 0.40934576788173827
5 50 0.38853317434883844 0 0 0.3857725129271196 0.3465466663409338 0.40519392264813464 0.39979261230077984 0.3736054658358732 0.3852483210779898 0.3771007628428961 0.34246004055029206 0.3790502608637453 0.39174088282305813
6 60 0.39345924223866124 0 0 0.39385780183379415 0.3371312402745538 0.4123388009385272 0.4102864012346237 0.3833391485663391 0.3897142929104159 0.37698151505091576 0.35919300770687335 0.37550048360930793 0.395014245397756
7 70 0.37389162716345076 0 0 0.3806518626185469 0.31266942260286695 0.3884010501839864 0.38369648116813393 0.3737154243350484 0.3693874677346031 0.34967089118088407 0.3406396568764889 0.35086099058774756 0.36164542860187227
8 80 0.37639598277264746 0 0 0.3820461844302076 0.3124784065359779 0.3869492728254333 0.3972959011693724 0.3830590748900273 0.37328036030703615 0.34281428271556785 0.3442249362745894 0.3531942365176562 0.3654080171745354
9 90 0.3776270595337472 0 0 0.4027035988293444 0.3259080479946898 0.39343189585232763 0.3832607341155113 0.38594802928894933 0.37738283236935233 0.3563382534350603 0.3457428404046678 0.34049693434019823 0.3641741761900833
10 100 0.3577669307789841 0 0 0.3771302732994781 0.3129902316481682 0.36873962449586434 0.36244889347859105 0.3727174610388814 0.3606936382207613 0.32944166239152756 0.32514525820575507 0.3152952109813959 0.34181753875486126
11 110 0.3518490614940035 0 0 0.3650649489378762 0.3067948275929626 0.35925343329193515 0.362115610981196 0.35957247855016017 0.35772686989239505 0.3228943486756398 0.3261507072980947 0.3084103583444929 0.33367592012099595
12 120 0.34967800188178516 0 0 0.3589520010321618 0.31201689689940904 0.36065642563465417 0.3586152419918627 0.3722698481693969 0.35173415758669185 0.3189895554287776 0.3184309179262299 0.30804949000114035 0.3301765014572668
13 130 0.336178343647618 0 0 0.3441922776411028 0.29538783089641757 0.34784120133579005 0.34642314963483456 0.35452746038606975 0.3364007357178812 0.29562221504602093 0.30901915491469856 0.30356530968407297 0.31554616630367593
14 140 0.3093955463383835 0 0 0.32598132046649847 0.2681198905478286 0.31751276475670004 0.31614841329279963 0.323426395596365 0.31249905224208907 0.2700611143523372 0.2755704154960797 0.27331692054755685 0.2852845307791836
15 150 0.29480435947673966 0 0 0.3211132769134019 0.24667413775495667 0.2939864161735958 0.30409295995619345 0.30117835157425904 0.29717057520546675 0.2565692850769054 0.26126732040805806 0.259397481714215 0.26762970466432495
16 160 0.27381473046199367 0 0 0.3057464272082062 0.23080918752037582 0.2716866176640934 0.2802996967312668 0.2786373329387772 0.27837213817209233 0.22623445993784058 0.24579920925188875 0.23895072834277983 0.24552089372222435
17 170 0.2414138490188606 0 0 0.2699098293731674 0.19935308224674406 0.23823278990075858 0.23968836565884755 0.24772603329326073 0.25044483464158224 0.19850049262645086 0.2191120450968865 0.20915115708771106 0.21051970084125504
18 180 0.2143836733917998 0 0 0.23174383841582255 0.17466928122249623 0.2078454916802738 0.21042235471361492 0.2163627635678245 0.21996828637198992 0.17348404885521246 0.1954448032248657 0.1842385222466691 0.18588771706514104
19 190 0.20850563557970128 0 0 0.2401623442004416 0.16781921821313547 0.20188711731492712 0.2037997388560423 0.20920708588891754 0.21233609342756263 0.16850164947961038 0.18266724547237637 0.17764997882775097 0.18142425219611522
20 200 0.206762273881466 0 0 0.24196159757778668 0.16505878440903582 0.20026894884989319 0.19861809287100865 0.2044242450020963 0.2106658203506445 0.16485977966984242 0.17813178360281692 0.1727788454668317 0.1778446575433493
21 210 0.19751531978554526 0 0 0.23258020215737044 0.1558920293080141 0.18734177135973754 0.18772175597045665 0.1905659545659276 0.2011545975572263 0.1574185754814083 0.1657936029908562 0.16878481728790695 0.16745664355692244
22 220 0.19163704025727663 0 0 0.23361475759962025 0.15082748674601792 0.17750761570275242 0.18139778562841824 0.181975633162858 0.19242140116061285 0.14940811904996432 0.15580827668694475 0.16355430667061777 0.15937414818348034
23 230 0.18213434939798195 0 0 0.21381230570691012 0.14252753654877895 0.1680977964862324 0.17264091583103633 0.17012136544432077 0.1824602440528745 0.14078926358018673 0.14644231460890642 0.1569041042261208 0.15144393250887858
24 240 0.16693033635200427 0 0 0.19575111752686003 0.1269191484246383 0.15390223887446658 0.15847713249760248 0.1550886892815968 0.16437248249623612 0.12669929072268313 0.13458679270503657 0.1414740881764546 0.1382131711591187
25 250 0.15437152291009912 0 0 0.17851900601750612 0.11542411144097421 0.13961291625158323 0.14306983259576275 0.1402732558209959 0.1495703139501458 0.12032211315644178 0.12350574052011985 0.1304288638834518 0.12512294994758108
26 260 0.13519985556336947 0 0 0.15556546269868873 0.10058938245773168 0.12142561988959057 0.12335808677921775 0.12009539408812424 0.12799188946608892 0.10361272287939136 0.1065903407469059 0.11321553155523083 0.10966491072928067
27 270 0.12560791967834853 0 0 0.1429171033819348 0.09365479338383385 0.11199904117752338 0.11502820911295443 0.11191589774565487 0.11636305174322535 0.09752542218650301 0.09737719071726716 0.10406915781374058 0.10080416664185869
28 280 0.11835027824820586 0 0 0.13334265557517286 0.08581487452942337 0.10477671417305681 0.10486755169843484 0.10420579392550647 0.11135034709345312 0.09207692083283898 0.08895375064353256 0.09672146783542937 0.09576765658216115
29 290 0.10943070913679157 0 0 0.1240180528275886 0.07827782480536097 0.09662974401512227 0.09625712520677926 0.09284663719886434 0.10244959658205854 0.08188026529875204 0.08152631681967076 0.09180700207380536 0.08536906302302433
30 300 0.10196431068297637 0 0 0.11589630768407763 0.07239417371512179 0.0909874120451539 0.0891339333448852 0.08673794866997085 0.09412964486369664 0.0759375123945718 0.07565051584828064 0.08309347012474132 0.07811773836744045
31 310 0.09847856065709319 0 0 0.10861154602656863 0.07161139853185815 0.08751493165464869 0.08579607807090478 0.08366547799793524 0.08922284259306017 0.07337374104633547 0.07227821517924198 0.07952097317249754 0.07255226379950229
32 320 0.08961836383071878 0 0 0.09823465576114411 0.0656801830140073 0.07596447664829169 0.07747088350112204 0.07537335124063879 0.08098679821934973 0.06574396644379762 0.06535581270922627 0.07140859084843525 0.06515053273318769
33 330 0.08522226816467442 0 0 0.09237747359147067 0.06173655570531628 0.07114004779465705 0.07489146228215161 0.06969390902508911 0.07480198865946718 0.06242378093885436 0.06292709414069296 0.06672390681207085 0.06228362510918766
34 340 0.07789325253760332 0 0 0.08424373521468446 0.055548276548746736 0.06252453287631236 0.06741870520513747 0.06424149146795417 0.06884889735431876 0.05601480931347795 0.05733952803312859 0.05939840862755573 0.05728029722634229
35 350 0.07202623000477776 0 0 0.07704607788912538 0.0509319262560631 0.05790976342109116 0.06282695447792165 0.059766840890582484 0.06233593235145046 0.05119559302974782 0.05201113851399117 0.053198457960812295 0.05206309670900571
36 360 0.06541476872076452 0 0 0.06840984485950989 0.04440840926533981 0.05236991171444119 0.05783974840010413 0.05414946547337432 0.05636450926218383 0.04586457701944618 0.04723072263784049 0.0482948346942744 0.0468798533771871
37 370 0.06040330225179268 0 0 0.06252478627418427 0.04071311717135851 0.04800590808098528 0.05373736209410527 0.0496277700088328 0.05056292783066667 0.04199888721347823 0.04315181385096169 0.045115092708839746 0.04268022195958824
38 380 0.058617365757000175 0 0 0.059597489967491604 0.039940557334582356 0.04625755635323605 0.05231994070058748 0.04720760342183341 0.04796425144571458 0.040816778721130965 0.044148846928090194 0.043481871592560756 0.04034462605524522
39 390 0.0529163571866991 0 0 0.05351118907573053 0.035968114886988714 0.04092175311750531 0.04773024540669332 0.041114870391988814 0.04173892295476031 0.03615874340991848 0.03986184227594077 0.039479986325943746 0.036117651739926517
40 400 0.04835437995578208 0 0 0.04699221865783123 0.03286057360760914 0.03717420192768513 0.043670494555596254 0.03681657923416785 0.038440395304967075 0.03335761160531396 0.03612427987837405 0.03586645004054485 0.032391718144760905
41 410 0.04753617680750044 0 0 0.04694138749702051 0.033526139997433944 0.03627793874328431 0.04261114459983916 0.03557151676956118 0.03737725387906477 0.032972567909597565 0.03489916630120701 0.035087666209428096 0.030973828853777516
42 420 0.04340112347299855 0 0 0.041353083197525495 0.03071221566341023 0.03278873860282276 0.03651013409397484 0.03255633700159265 0.03465195970418663 0.029388016756133922 0.03187537635486647 0.03178475446193455 0.029020351992171976
43 430 0.042280084725731554 0 0 0.04016334795148104 0.029112198071125524 0.03129629209746837 0.03565156365689572 0.03153601367891672 0.03350856982581713 0.02725440562460539 0.03227907555431671 0.03096411650206462 0.028314965979866415
44 440 0.03995604343927794 0 0 0.0377793284579437 0.027124994959832522 0.029547599531859002 0.03359261452366847 0.029143940396476473 0.031307813003603614 0.025487654717462102 0.030041785690545574 0.030029903474305005 0.026046690090432454
45 450 0.03598977160326254 0 0 0.03316539978127255 0.02453517380315608 0.026319011086578 0.029956893173661917 0.024960978238701168 0.02825125097373748 0.023061927206330355 0.02647522005739158 0.026763024334831374 0.02329989985952508
46 460 0.034362688175953185 0 0 0.031537759021671156 0.02353473049156934 0.024626881483119405 0.02816725446055601 0.023685143353796064 0.026461465974723732 0.021998118162516928 0.024578197383272056 0.025363242116019584 0.022667905610093714
47 470 0.03171496856834401 0 0 0.028192815636115476 0.021612269832268955 0.023122241477289456 0.02580113707031697 0.02159579858395619 0.02411047077189584 0.020337111700697286 0.022460696108441695 0.023356833350600313 0.020582055308344532
48 480 0.03072124248645984 0 0 0.02752883215264305 0.020615480128699626 0.022573086794880032 0.024529116959497166 0.020797653163702995 0.02293001778571055 0.01944975817955273 0.021419097195959632 0.021891298281604563 0.020247864519447423
49 490 0.027523199464080484 0 0 0.023559455493573796 0.01820761606297546 0.020569552373912513 0.0220287401838096 0.01785508366287439 0.020357139444026295 0.01740460912575095 0.018790625847323897 0.019641103276659456 0.0180028950350157
50 500 0.02617940895034905 0 0 0.02205393587916586 0.0172219564604604 0.019644555113631664 0.020696392501780105 0.016757243213864844 0.01938989127806885 0.016462532082921533 0.017656353512228957 0.01873083486253012 0.016911474450160925
51 510 0.02509714903771014 0 0 0.020506519686257624 0.016611010022436642 0.01846821214643456 0.019860700956257277 0.01605493075594336 0.01839423018968898 0.015701728373299566 0.016349815579453097 0.017965342776655135 0.016045315547628267
52 520 0.02328448877371734 0 0 0.01865572543836744 0.015036631223814387 0.017049626546318777 0.01838136942649248 0.014818400871432814 0.01648563330100339 0.01425076664137602 0.015208995643311993 0.016597472897301006 0.014766255207138347
53 530 0.021660716584568602 0 0 0.016994420146835987 0.013885666590274287 0.015876430002757302 0.01649891730490341 0.013582157804007521 0.014630218383978889 0.012969508201049784 0.014080681068292038 0.015760712588124386 0.013594244511027389
54 540 0.02170217053620763 0 0 0.01727815694928235 0.014003608149188641 0.015579044853783098 0.01672475130084098 0.0134962340865982 0.01401733141940025 0.012914059424550126 0.014053741293591597 0.01600751566112895 0.013341764936180866
55 550 0.022206639612784577 0 0 0.017521662477651676 0.01421945742475627 0.015561460978766574 0.01696678960013517 0.01371079908996108 0.014040812737082718 0.013269023845892658 0.014042478844220562 0.016466996872313462 0.013524306991153874
56 560 0.02096901053164068 0 0 0.01650302591299748 0.013016342641723954 0.014737308829324529 0.016099544593642004 0.013014626275333617 0.012764449317320216 0.012770766504698876 0.013247476844755706 0.014899324221087886 0.012617781336644021
57 570 0.02027781634687177 0 0 0.015872925617600002 0.01267873961669192 0.014109315302117228 0.015432490533725824 0.012540769241796429 0.01196510966012527 0.012372668308480998 0.012396208531205665 0.014358084081979569 0.012048691363972543
58 580 0.019978895887578525 0 0 0.015440267993322517 0.01163499985226598 0.013851095100034645 0.014879857424860556 0.012597463795236692 0.011621166225669225 0.012433750999195463 0.012178910007229562 0.013644384146939336 0.01193802230334763
59 590 0.018096502559550462 0 0 0.013790925603250652 0.010354515990300156 0.012555115234231674 0.012730305542209476 0.011156101115049085 0.010707511080335583 0.011359737728242622 0.010759081953954013 0.012170890028421913 0.010756348797052532
60 600 0.017676945352425432 0 0 0.013217898037826992 0.009980245465934009 0.012200628375723546 0.012323275774891923 0.010813546012069759 0.010671004512824047 0.010783754130055292 0.010253015577622693 0.011725335260979937 0.010451972346045897
61 610 0.017187531519949662 0 0 0.012896530124579152 0.009576077348082364 0.011785958483823937 0.01252801576379413 0.010073150169266906 0.010309869375416926 0.010378803436674225 0.010222086041937587 0.010941443790462607 0.010013372697151229
62 620 0.015371855855969804 0 0 0.011242833996985734 0.008585784429973846 0.010423555413940916 0.010582393671629034 0.00892745212821692 0.009003429333107488 0.009270148527794403 0.009214773995451932 0.009688404415534237 0.008830591849124039
63 630 0.014396298609944467 0 0 0.010265342436013054 0.008044246272121483 0.009484125934145122 0.009574892696758897 0.00835671264480845 0.008622591233123901 0.008681645167388353 0.008514727905263024 0.009113333520953247 0.008065630728500089
64 640 0.013473817093539606 0 0 0.009497823276160168 0.007302199838676951 0.008717075801235393 0.00893651901898411 0.007854498729995796 0.007918762314884437 0.00812490723496332 0.007734375704495197 0.008439298092030846 0.007578973072192148
65 650 0.012717838638106629 0 0 0.00898340073238867 0.0069108135659046825 0.008131488588941568 0.008254679327903837 0.0074089619277566375 0.007331672577556231 0.007599427870229981 0.007252019743382875 0.00781691584322094 0.007099799576407841
66 660 0.011569120268913661 0 0 0.007686897194987726 0.006277069751153863 0.007468535491896843 0.00746459918347486 0.006675224944727407 0.006621717459843843 0.006807237563275963 0.0066463456679711945 0.007024138010736887 0.006474272250360975
67 670 0.01077403836236307 0 0 0.007068089087058496 0.0058403229897652145 0.006963612233054157 0.006424656359996157 0.006183254810591495 0.006345959185369597 0.006352234856237176 0.006077350815588814 0.006558411973946368 0.006025594405420329
68 680 0.010575736793164174 0 0 0.006966745823277289 0.005682130996057061 0.00668647739138779 0.006538800502908673 0.006071001308828983 0.006026550539606837 0.006201436597096568 0.0059194933512859375 0.006163871897059475 0.005936985556474074
69 690 0.01018839682207566 0 0 0.006737390131855251 0.0053185463683823936 0.006128083709069833 0.006365588783799522 0.005820972056529953 0.00595267485761192 0.005983205427113504 0.005648348135700355 0.005859106048737624 0.005734308496188282
70 700 0.00951307913653547 0 0 0.006108965338139465 0.004970226721645484 0.0056645694293001245 0.005950500680885216 0.005328638695443592 0.0055255516550751895 0.005632453468548433 0.005347743380042662 0.005375534590744292 0.005330847084108968
71 710 0.008654732349172047 0 0 0.005576280679972713 0.004351388478454215 0.005175329891838545 0.005323391140073865 0.004730434717001209 0.00484788742252263 0.00509916031405946 0.004831583953035511 0.0049038099516945655 0.00484839172130091
72 720 0.007933317231507727 0 0 0.005109220431982479 0.003959869273029883 0.004669840864141891 0.004824884184838296 0.004309881018898283 0.004411819804425161 0.004623808050787938 0.00440219927261709 0.004466044277135643 0.004480472135925104
73 730 0.007341452437826695 0 0 0.004715914788440053 0.003630387881271556 0.004417779268626267 0.004462226655581682 0.003862491804996061 0.004037956916721682 0.004348269505516855 0.004057738346064487 0.0038462319906467915 0.004140006890767148
74 740 0.006813367973786357 0 0 0.004276045928950856 0.0033231857841541537 0.004113357976787552 0.0040980465847596115 0.003607968862012482 0.0037158324312383394 0.004030237289285826 0.003735449195692184 0.0035276649195121025 0.0038033796998050563
75 750 0.0060882397592826945 0 0 0.0035903739642545924 0.002948844848652019 0.003694621418506921 0.0036190510770371365 0.003250075837491964 0.003282069914493971 0.0035376362105662244 0.003343610809582668 0.003110494199276629 0.003356726816318482
76 760 0.005872195485284981 0 0 0.0034021389081736356 0.002817936678639227 0.003629274631655068 0.003387439186727467 0.0031949531797146025 0.003109090253433309 0.003346974627769996 0.0032452970824807144 0.0029933949431629934 0.00324164636871563
77 770 0.005557426241192885 0 0 0.003214106017649462 0.0026514913358961904 0.003313267791618123 0.003137001644962701 0.003028712546624971 0.0029198291578871154 0.0031160437602484807 0.0030977006477927675 0.002891546999825761 0.0029415815545725224
78 780 0.005264059915422981 0 0 0.0030486023762083146 0.0023720673365464724 0.003116831109485595 0.0028513858586525953 0.002867643862387753 0.002730387309227311 0.0029295047277734377 0.002987038289248992 0.002717112516592815 0.0027895150881249962
79 790 0.0046057333115723555 0 0 0.0026202045549696953 0.0020760680326928306 0.002688293990130301 0.0024978026844180152 0.0024751505078496033 0.0023079989508400386 0.002526060699296785 0.002618219203189494 0.0023413426058729084 0.0024188340888001074
80 800 0.004223163450919219 0 0 0.002356061991584296 0.0018619837651709895 0.002520984826824672 0.0022718041443401077 0.002275529728728952 0.0021144893974818285 0.0022912623706213154 0.00230609637546599 0.0021299042871050105 0.0021979350260781117
81 810 0.0038693914873653267 0 0 0.002180434008041039 0.0016726199051738614 0.0022930524184250323 0.0020962347113817176 0.002095476660781527 0.0018788017234207637 0.0021011925751114593 0.00207121785483426 0.0019483773424499482 0.0020012883345203415
82 820 0.003922636008780208 0 0 0.0021427102684153662 0.0017101718382738287 0.002314028403210691 0.0021150721826214674 0.0021301111828424288 0.0018838752401705264 0.0021331506806755076 0.002113055162357806 0.0019585227479819996 0.0019745562899353315
83 830 0.003614217761323368 0 0 0.0019470787873983701 0.001575070216761085 0.0021388129859104266 0.0019718139392070947 0.0019584565977441956 0.0017161488188175904 0.00195650808952713 0.0019315785410293344 0.0017526725873678406 0.0017558991546841477
84 840 0.00372369224883496 0 0 0.0019931992253943162 0.001647120676784211 0.002199472116365283 0.0019790554332720753 0.0020018476750045954 0.0017938940246606295 0.001975326464238404 0.0020153646834527267 0.0017873292918913508 0.0018698245704903446
85 850 0.003523496983145262 0 0 0.0018735152581492748 0.001508921083189085 0.0020697331457637685 0.0019097889757725476 0.0018627442680573124 0.001662736410015345 0.0018144384534563964 0.0019278322886330365 0.001692980653796936 0.0017238743568194768
86 860 0.0031970341220045116 0 0 0.0016974133628172895 0.0013712654009200174 0.0018176271863728616 0.0016673045332270182 0.0016603534409256938 0.0014808279357310277 0.0016516185068901088 0.0017409847359160355 0.0015256560970542234 0.0015469641378949666
87 870 0.003021235371149284 0 0 0.0016438160968320946 0.0012796536355507218 0.0016428830948856277 0.0015753600694837595 0.0015788791458729349 0.0013720597796021707 0.0015596459827154408 0.0015926992212207166 0.0014386056699666 0.0014717652683661627
88 880 0.002939599338240986 0 0 0.0015602400057507537 0.001232408734996841 0.001598547184569613 0.00154443008144254 0.001516767419624188 0.0013650027207489678 0.001523471401406741 0.0015501019709666384 0.0013480484684031328 0.0014205895441222333
89 890 0.0027889164741306772 0 0 0.001525764864668242 0.0011661604377069506 0.0014095736515748435 0.0014601460110229326 0.0014179098799232343 0.00132895484786709 0.001440336693128306 0.0014746129204252854 0.00127895676597149 0.0013523800890948132
90 900 0.0027328164050265174 0 0 0.0014898772520145916 0.0011413136592103791 0.0013825505667983365 0.0013856064033331097 0.0013890929861902813 0.0013326711818050952 0.0014059446480782385 0.0014094863458457073 0.0012159714756406089 0.0013439146603464412
91 910 0.0026409966465947552 0 0 0.0014220032634779936 0.0010979779672256745 0.0013213970045524344 0.0013403885280416981 0.001315844083472831 0.001317690697802946 0.001315913620107099 0.0013526630571502952 0.0011536543463017994 0.0012983839962409283
92 920 0.0024894072828916614 0 0 0.0013125801358155628 0.001039433447600976 0.0012047713684139021 0.001278133194265367 0.0012103623205004185 0.001241003856415909 0.001251404946572866 0.0012547079647120508 0.001074838408466934 0.0012204404407240633
93 930 0.0023958600565227 0 0 0.0012650427608334493 0.0009730559370299084 0.0011364636412552857 0.0012292518126241364 0.0011555779178479971 0.001228448211061938 0.0012035131257976325 0.0012201838957874708 0.0010062474241117653 0.001152196178938802
94 940 0.0022203287479180918 0 0 0.0011542696863306903 0.0009119816830715013 0.001044867551672276 0.001128592121834871 0.0010376406567804376 0.0011372167058244964 0.0011095928274706172 0.001120573760902826 0.0009396001888386273 0.0010403476730534047
95 950 0.002162122829034562 0 0 0.0011450141933933367 0.0008880741096037452 0.0009805607129838646 0.0010924473196867002 0.0009945857969324314 0.0011122217636970087 0.0010546060318371074 0.0010836461972377755 0.0008930067355667177 0.0010282824000612785
96 960 0.001919099631521008 0 0 0.0010207775303685013 0.0007755802168185343 0.0008602086562749908 0.00095361953200412 0.0008627092572673743 0.0010002857811993685 0.000928247139087699 0.0009396440364350695 0.0007890299728132364 0.000901799756727755
97 970 0.0017521822403617905 0 0 0.0009470459622123061 0.0007066071514165499 0.0007762491504573748 0.0008542626984902156 0.0007905570724186392 0.0008996845859666382 0.0008490405353007259 0.0008225501527403195 0.0007200633287330506 0.0007998026989759489
98 980 0.0015699326110767387 0 0 0.0008392989015125797 0.0006293628291222896 0.0006914946519225054 0.0007488910997951253 0.0006946173250477284 0.0007895371776588335 0.0007489632311400319 0.0007187602958492182 0.0006474765768084063 0.0007088355947052323
99 990 0.001471553695040484 0 0 0.0007726895692951274 0.0005841152504750893 0.0006328443893196957 0.0006820185789174446 0.0006547865762889866 0.0007421126409586457 0.0007010202486076416 0.0006683767609327627 0.000598840811583071 0.0006511619381028243
100 1000 0.001361842185634244 0 0 0.0006997900833800404 0.0005491039969157524 0.0005912384963994572 0.0006276706818664952 0.0006207760893754467 0.0006757318592372539 0.0006462001871186037 0.0005875430207351603 0.0005485817676846182 0.0005846153078633297
101 1010 0.0012876049202735077 0 0 0.0006527984620935494 0.0005203233946449583 0.0005522772996331141 0.0005817429595598951 0.0005772287288397505 0.0006332539006135723 0.0006101191390734324 0.0005520748569684084 0.0005207708071030211 0.0005458015369357928
102 1020 0.0012177080570126288 0 0 0.0006204097339357443 0.0004895057797431444 0.0005120463929459245 0.0005343827857055926 0.0005426848494209373 0.0006115400379655148 0.0005685964518208148 0.0004975477968154441 0.0004947304389291855 0.000501190556249232
103 1030 0.0011158768746934915 0 0 0.00056158541823921 0.000438256483197665 0.0004658674025659971 0.00048807621156607216 0.0004958268579636281 0.0005589527311479505 0.0005148133438345835 0.00045698508421546785 0.00045349209641867323 0.00044918743468473356
104 1040 0.0010202850002371216 0 0 0.0005028376765200698 0.00040017503681699814 0.0004321916329731854 0.00044377859565064315 0.00045629004950541895 0.0005089529924115948 0.00046353184287974494 0.00041532887807354824 0.0003996146715388952 0.0004025471341855693
105 1050 0.0009277833137096735 0 0 0.0004523230148001419 0.0003592876056440713 0.00038704541403525967 0.0003963504854210357 0.0004155645100458161 0.00045975407537167845 0.0004155055941866146 0.0003747824069746764 0.00036251361180250397 0.0003592852735850369
106 1060 0.0008660629893405841 0 0 0.00041091019382636604 0.0003311457923178337 0.00035910632182405437 0.0003666358288091589 0.0003846732357989727 0.00042133595523044477 0.0003907192172471199 0.00034748360866099096 0.0003379582719171969 0.00033215146257751946
107 1070 0.0008094073145346702 0 0 0.00038355878789568835 0.0003103166099044196 0.00033866439057998103 0.00033570134829588984 0.00034900344117068675 0.00039122960982712894 0.00035864137685019524 0.00030947783039011946 0.000319093827750183 0.00030645037739088454
108 1080 0.0007533956811698917 0 0 0.000351906909993805 0.00029142316880919445 0.00031397524026932486 0.0003106352839497868 0.0003216054935144204 0.00035984679710914565 0.0003265173765814857 0.00028778750509123936 0.00029600093628513513 0.000272041022106813
109 1090 0.0007299792168092971 0 0 0.00033652144463822213 0.0002806278889141481 0.0003022884264150912 0.00030146200602730995 0.00031016947209585834 0.0003474847926254016 0.000302663533705723 0.00027690748711612674 0.0002860186004951719 0.00026889198308245935
110 1100 0.0007283745562549439 0 0 0.0003346058160919532 0.0002770948111833391 0.0003016959253289005 0.0003003657601207775 0.0003026732509968506 0.00034553668376060214 0.000291674518249365 0.0002881079461714186 0.00028486406644056525 0.00026711687110986975
111 1110 0.0006781191680274969 0 0 0.00030856497873742807 0.0002494142017609285 0.00028481627923250845 0.00026864977968930404 0.00027497533626562407 0.00031841001648527716 0.00027161181910232974 0.00026815265218149936 0.00026321012286922163 0.0002466572808163814
112 1120 0.0006176902772067774 0 0 0.0002783817152933959 0.00022531108221955542 0.00025656061469862666 0.0002458541711694684 0.00024547956080628195 0.00028474780251872147 0.0002399014455728852 0.00023662495454679385 0.00023747603313104123 0.00022082321996940034
113 1130 0.0005984274689988563 0 0 0.0002662051936430464 0.00021869014117984284 0.0002399018724104496 0.0002388496478630549 0.00023321169906952654 0.0002784623429973697 0.00022567570471881488 0.0002283020454649043 0.00023004760315835121 0.0002145237287598313
114 1140 0.0005641849262164204 0 0 0.0002458753715201347 0.0001999806644906292 0.00022660329717263565 0.00022468339535952226 0.00021758327949159247 0.0002553236875763621 0.00021150520423763873 0.0002157273290253062 0.0002142457682425616 0.00020365886169755167
115 1150 0.0004967267168006197 0 0 0.00021151036606421826 0.00017375530499002728 0.00019838923708010404 0.00019536184562387107 0.00019129554731333174 0.00022054514733297725 0.00018429157669418254 0.00019185035460875233 0.00018494595134341775 0.00017875413178828194
116 1160 0.0004243832685994458 0 0 0.00018009980761360866 0.00014752850366219446 0.00017012090588340264 0.000155786561236079 0.00016268624924932508 0.0001869606722677982 0.00015426046788656362 0.00016134667972560323 0.0001572073066886666 0.0001524855454114582
117 1170 0.0003922591698424971 0 0 0.0001610929701700204 0.00013686941163905094 0.00015457019206262666 0.00014287708365461798 0.00014960729143514095 0.00017127788353951285 0.00014331056092992337 0.00014583148521119088 0.00014724410693391709 0.00013892418216430156
118 1180 0.00038147586471253377 0 0 0.00015518761700556528 0.00013252409000536326 0.00015345143238647735 0.00013429389809294808 0.0001430257322113287 0.00017009733619514412 0.00014072837307607368 0.00014168136560035124 0.00014245602504830895 0.00013161920386497094
119 1190 0.00037059022455817616 0 0 0.00014978603799063308 0.0001286985763452297 0.0001491663295388658 0.00012917104485521804 0.0001347612907449753 0.00016329428934733139 0.00014079720312130955 0.00013731362739395698 0.00013712106148232005 0.00012506426009331663
120 1200 0.00035915661440925374 0 0 0.00014312297346780737 0.00012636456510805346 0.00014155909634819294 0.00012386780654348927 0.0001292042233099943 0.00015827090324576986 0.00013329854434355394 0.00013293279204546992 0.00013239817788419114 0.00011987689063673442
121 1210 0.00033728478901051115 0 0 0.0001333867580698631 0.0001177200850757327 0.00013352555617441805 0.00011499287798673044 0.00012150554018220872 0.0001457688913727897 0.00012370114647412874 0.00012206223194340182 0.00012160649416826253 0.0001119091408845548
122 1220 0.0003201229439688957 0 0 0.00011968869594035748 0.00010969814972161674 0.0001257780335789275 0.00011018235216762076 0.00011694162589808342 0.00013692023285344566 0.00011665899526718957 0.00011564680361898165 0.0001144114652959943 0.00010635549125194968
123 1230 0.00031981317920797545 0 0 0.00011977594517180943 0.00010754049831347627 0.00012417042595196982 0.00010893051103009013 0.0001153747376925434 0.00013592576717664758 0.00011823862501587364 0.00011501487738144879 0.00011518255867705897 0.00010627853442302652
124 1240 0.00030208741850894547 0 0 0.0001121105168920428 9.887271944231082e-05 0.00011531562807426365 0.00010060477514538725 0.00010751503006271506 0.0001272487655441577 0.00011081606908998535 0.00010905789632559116 0.00011014766055371539 0.00010046039695318054
125 1250 0.00028428885328639727 0 0 0.00010522573686525097 9.102134244310712e-05 0.00010820910340329457 9.409097149964584e-05 0.00010077687249489019 0.00011550706661064973 0.00010388946481060175 0.00010057154125996835 0.00010494949160050198 9.602570403063287e-05
126 1260 0.00026968076436405 0 0 9.998903427886121e-05 8.51455166125574e-05 0.00010309466250818346 8.957177362177797e-05 9.316675252217609e-05 0.00010924589384854881 9.694287705415801e-05 9.440931473801286e-05 9.827326592745508e-05 9.158443474819667e-05
127 1270 0.00023410235585371922 0 0 8.641810277128206e-05 7.230262428951915e-05 8.800244208939865e-05 7.726905965267224e-05 8.087918531052354e-05 9.31933501794369e-05 8.151200217826931e-05 8.226249883359969e-05 8.501146239995869e-05 7.720606999037926e-05
128 1280 0.00020545313199668105 0 0 7.557062365868466e-05 6.150597645568095e-05 7.673990865572918e-05 6.79282763842925e-05 7.203421756538599e-05 8.134893568096865e-05 7.069375605845676e-05 7.025709223277571e-05 7.198832355318841e-05 6.688580914676113e-05
129 1290 0.0001907763059235281 0 0 6.990732879090048e-05 5.739034787583264e-05 7.067173252915531e-05 6.203216457352816e-05 6.628762570130783e-05 7.482665140198559e-05 6.284523602624317e-05 6.52403525382848e-05 6.545189296954371e-05 6.084266454777859e-05
130 1300 0.00019237574730490204 0 0 6.790735055557948e-05 5.716862108296354e-05 7.465090490461389e-05 5.9785326035243356e-05 6.672134874440029e-05 7.670172270326465e-05 6.418220975468357e-05 6.660019775264293e-05 6.527287855565072e-05 6.0511643411972495e-05
131 1310 0.00018794603397197373 0 0 6.608056997807138e-05 5.539899210823622e-05 7.296707834075731e-05 5.935102174767173e-05 6.500690691221055e-05 7.597872149856701e-05 6.444436879296922e-05 6.320309122945749e-05 6.420534624167955e-05 5.682579620818407e-05
132 1320 0.00017735927876200277 0 0 6.198287045733116e-05 5.197211108197154e-05 6.581404645264131e-05 5.6278713410984265e-05 6.117324956411257e-05 7.00002798982271e-05 6.046940684761461e-05 5.9082964839272396e-05 6.135245646879595e-05 5.348193910199829e-05
133 1330 0.00015445400422650128 0 0 5.317987361095955e-05 4.4323199221034915e-05 5.639251902576371e-05 4.8846849430024494e-05 5.418877969001607e-05 6.137590558852764e-05 5.1836743154820434e-05 4.999076463844794e-05 5.282102198099895e-05 4.662748721010777e-05
134 1340 0.0001365063738547633 0 0 4.641049569423959e-05 3.8636474479684235e-05 4.9329835379745544e-05 4.251665879447255e-05 4.6205057596197386e-05 5.38637929244217e-05 4.509820318553728e-05 4.28307522645974e-05 4.506995905559705e-05 4.134220314528386e-05
135 1350 0.00012609078565010837 0 0 4.2280231815120466e-05 3.563716301857937e-05 4.5539910068171775e-05 3.935599401977179e-05 4.1885471358989346e-05 4.8275940211604476e-05 4.160478092905328e-05 3.950222722340983e-05 4.000419673474818e-05 3.763769510402105e-05
136 1360 0.00012007902275500457 0 0 4.01100262198926e-05 3.375882121083056e-05 4.247290597040365e-05 3.7063696686956546e-05 3.8560388860687516e-05 4.556392885788112e-05 4.009970153276405e-05 3.759974133264852e-05 3.666565991753098e-05 3.5549638281218e-05
137 1370 0.00011939072101664574 0 0 4.101019097286111e-05 3.306689094564304e-05 4.3432523887599846e-05 3.6884360856824736e-05 3.792046434807489e-05 4.4006797944028586e-05 3.9646296813521914e-05 3.763793567851686e-05 3.66006410030475e-05 3.5480164736438154e-05
138 1380 0.0001048419721464891 0 0 3.5835918651593426e-05 2.9620966568875574e-05 3.814285116267165e-05 3.1595034585542226e-05 3.270648991977536e-05 3.797168116384911e-05 3.437437457216519e-05 3.278783655101702e-05 3.2298927007962005e-05 3.0408060476746872e-05
139 1390 9.982244330478761e-05 0 0 3.281329408770447e-05 2.8660190913579403e-05 3.528881622262209e-05 3.0525773383393056e-05 3.004377680994161e-05 3.541271935776504e-05 3.256236608065488e-05 3.1458445954692996e-05 3.0684017705011014e-05 2.9001979002120612e-05
140 1400 9.315339486666752e-05 0 0 2.9907838822650236e-05 2.6422448041419722e-05 3.294379707591336e-05 2.840028935648001e-05 2.8335627815930677e-05 3.1924852251266115e-05 3.023817748479502e-05 2.9657485947803336e-05 2.7656955245139775e-05 2.693426032107533e-05
141 1410 8.828368602257384e-05 0 0 2.8201164236720056e-05 2.4522876194731363e-05 3.124373571558199e-05 2.768283470969934e-05 2.6672939470097285e-05 2.8552950392259124e-05 2.8655880580928067e-05 2.7632715990848288e-05 2.625701217812446e-05 2.5386279613270835e-05
142 1420 8.314212904571843e-05 0 0 2.5539161907444886e-05 2.3043482683430517e-05 2.9520391247671338e-05 2.5750164664146128e-05 2.4902875140882602e-05 2.6826092422067602e-05 2.7558290701096007e-05 2.5673983731009514e-05 2.388197838518386e-05 2.3258499722303268e-05
143 1430 8.005944396222979e-05 0 0 2.3221964236904657e-05 2.2369563183101295e-05 2.8026113757218264e-05 2.4075591677092448e-05 2.4127335216401882e-05 2.570267429027978e-05 2.6580420449974085e-05 2.464499866185598e-05 2.3350131416729473e-05 2.2455882467620805e-05
144 1440 7.381498827137777e-05 0 0 2.1365431493917633e-05 2.088944419002394e-05 2.566676332526257e-05 2.2168154157127295e-05 2.1941978904238623e-05 2.359451655530973e-05 2.4346455135531196e-05 2.1942617583695238e-05 2.1916763637255225e-05 2.0167636508223595e-05
145 1450 6.847949254442813e-05 0 0 1.9692989271424877e-05 1.9642816154335764e-05 2.3926243035692673e-05 2.0196470362360824e-05 2.0387427885248554e-05 2.1452330296876405e-05 2.246130127487524e-05 2.029360116038773e-05 2.025711564661882e-05 1.8506870771351843e-05
146 1460 5.923829943690887e-05 0 0 1.6927447559917786e-05 1.6796167362322734e-05 2.044825795671331e-05 1.7627566562316992e-05 1.7385442850265977e-05 1.8369864469370213e-05 1.9387324171072644e-05 1.734718970390058e-05 1.690069979985451e-05 1.5730611161326747e-05
147 1470 5.564423607709019e-05 0 0 1.59913718716887e-05 1.5438179498727206e-05 1.92970268703705e-05 1.6359274331428922e-05 1.657253469464806e-05 1.653360100823093e-05 1.8001642110657542e-05 1.596086314050878e-05 1.5573194112705075e-05 1.465621535061988e-05
148 1480 5.401785375409919e-05 0 0 1.569217790737221e-05 1.4780973521113793e-05 1.83043071278154e-05 1.5883166708084894e-05 1.605464548992018e-05 1.6359568680448947e-05 1.723668864205046e-05 1.5600836817249985e-05 1.4883029726684408e-05 1.3799269753408765e-05
149 1490 5.0106098002310475e-05 0 0 1.3922929281355542e-05 1.3728885844442204e-05 1.6801260330125845e-05 1.4514591528911472e-05 1.4676112056918818e-05 1.528201467296987e-05 1.6345993324844318e-05 1.4436726590025402e-05 1.349764005066395e-05 1.2873959712989443e-05
150 1500 4.493675190781711e-05 0 0 1.256320029468892e-05 1.1879738076963238e-05 1.4460298487601301e-05 1.2857968598509444e-05 1.3256056019577594e-05 1.3738988549370906e-05 1.4437359396228497e-05 1.2789737714965296e-05 1.1917200048361488e-05 1.1619029374134716e-05
151 1510 4.3810952262075836e-05 0 0 1.220790744163241e-05 1.1778047888328795e-05 1.356062588675046e-05 1.2298854661701059e-05 1.3144288135108078e-05 1.3292198434736034e-05 1.389557054927793e-05 1.2393125995074213e-05 1.1639324212674255e-05 1.1006379568508446e-05
152 1520 4.053619380397964e-05 0 0 1.1130442926659356e-05 1.067139144115754e-05 1.2347177003194876e-05 1.1273999630059472e-05 1.2195535444756905e-05 1.2199838949688733e-05 1.2564118493460288e-05 1.1405454813888484e-05 1.0713821270721515e-05 9.591311691265603e-06
153 1530 3.693026265675435e-05 0 0 1.0069764891588093e-05 9.420354626480833e-06 1.0996101254476831e-05 1.0185656657724615e-05 1.0896622745399343e-05 1.1103359080388406e-05 1.1292455407816937e-05 1.023936649497275e-05 9.755156394912097e-06 8.71976533212651e-06
154 1540 3.2602369456826275e-05 0 0 8.889580508931766e-06 7.934342927446558e-06 9.623751634110533e-06 8.708731677730084e-06 9.456587732432408e-06 9.656369451407139e-06 9.970549482768254e-06 8.921188712078436e-06 8.633840389770152e-06 7.66515098666513e-06
155 1550 3.202429739014072e-05 0 0 8.853791580182122e-06 7.721363413121205e-06 9.298460078630426e-06 8.856837594145942e-06 9.140802537782629e-06 9.335773476126975e-06 9.716393251577576e-06 8.43696709442934e-06 8.382428673986918e-06 7.631114805329011e-06
156 1560 2.9508387113621523e-05 0 0 8.068894296217817e-06 7.0756267382746935e-06 8.585910466861361e-06 8.140222759316523e-06 8.249742242964294e-06 8.645684703137774e-06 8.732969209738828e-06 7.812198461078493e-06 7.444449309652634e-06 7.126470104702234e-06
157 1570 2.7221295637166605e-05 0 0 7.239748682474522e-06 6.432119821988458e-06 8.142001940792551e-06 7.219403326145427e-06 7.512655828138227e-06 7.92205620223479e-06 8.05574463970241e-06 7.183974212574986e-06 6.8070028951598896e-06 6.538884962296556e-06
158 1580 2.3869463687081446e-05 0 0 6.315197371523584e-06 5.6441404284772925e-06 6.585095632565493e-06 6.2484333686635056e-06 6.562495565823497e-06 6.791802272960953e-06 7.020427599912114e-06 6.333840838279877e-06 5.8653101082330884e-06 5.7024949275760256e-06
159 1590 2.136764493852112e-05 0 0 5.6176619835439996e-06 5.023891889914013e-06 5.865504481367632e-06 5.565845589841683e-06 5.908160687450682e-06 5.937943922333563e-06 6.006512509021157e-06 5.5975442959835235e-06 5.215163943481291e-06 4.979682593092134e-06
160 1600 2.1171360786046608e-05 0 0 5.532922311892381e-06 4.8004919631502295e-06 5.8550232807998765e-06 5.54249523992631e-06 5.97574823856796e-06 5.913787327945865e-06 5.941126430447038e-06 5.5087757119665325e-06 5.137590481342672e-06 4.8942717815359685e-06
161 1610 2.089633219721952e-05 0 0 5.4389755981110584e-06 4.733275787292227e-06 5.672796133397798e-06 5.689918511866082e-06 5.751069590234609e-06 5.78037347874215e-06 5.908928232422467e-06 5.37946761089137e-06 5.102169939112182e-06 4.8682971857137725e-06
162 1620 1.8733536186245365e-05 0 0 4.762330854723905e-06 4.229577653460881e-06 5.0450598397889865e-06 5.113073535912083e-06 5.092979518143492e-06 5.1755668573307185e-06 5.066618403441351e-06 4.7706860045307106e-06 4.580640789754754e-06 4.2747174532807385e-06
163 1630 1.715633377958799e-05 0 0 4.251604677899955e-06 3.864092308343209e-06 4.561844109239311e-06 4.640547390672588e-06 4.523722936829457e-06 4.683509826274806e-06 4.59164225121795e-06 4.344580674337153e-06 4.18034409025419e-06 3.897286761849124e-06
164 1640 1.5551658592671742e-05 0 0 3.909321324997157e-06 3.4570934820511373e-06 3.892461043833037e-06 4.1553011194257715e-06 4.116665114418937e-06 4.22907261347724e-06 4.127674818651354e-06 3.896553364999281e-06 3.7361159959522516e-06 3.4460319080397117e-06
165 1650 1.4013387038272176e-05 0 0 3.4954871129634065e-06 3.0493155286753997e-06 3.492606040403721e-06 3.7693738664650733e-06 3.6195594129083698e-06 3.8188787264060076e-06 3.734555833765273e-06 3.4874631127420035e-06 3.2991818993509022e-06 3.0624476318339503e-06
166 1660 1.2075348374754937e-05 0 0 3.0277041210409285e-06 2.6253899149797053e-06 2.9675425811239444e-06 3.2041894846693256e-06 3.026679330294836e-06 3.162678378137692e-06 3.17265952120399e-06 2.964842902563807e-06 2.8111442751230775e-06 2.5371578005840456e-06
167 1670 1.0829441239146958e-05 0 0 2.6647978326929404e-06 2.3602618904390245e-06 2.6522528379932375e-06 2.7352430211625102e-06 2.7050317054776013e-06 2.7663829458767386e-06 2.7830498102921005e-06 2.622780274544562e-06 2.5311524686642106e-06 2.238018213183132e-06
168 1680 1.0629727212258784e-05 0 0 2.571524945122138e-06 2.3241729666529405e-06 2.5210162469109894e-06 2.583177042179382e-06 2.636687893142949e-06 2.7233447723319815e-06 2.7525552413899543e-06 2.654730219899258e-06 2.4687185992835193e-06 2.209192146169711e-06
169 1690 9.458240140858223e-06 0 0 2.252430132804526e-06 2.064850911118996e-06 2.1433736691036503e-06 2.235223662533639e-06 2.2754743617424486e-06 2.4269066366038984e-06 2.4006744361119407e-06 2.36846745924188e-06 2.1697830713090167e-06 1.972447851590834e-06
170 1700 8.760685613146723e-06 0 0 1.9976604457337604e-06 1.9085708828010952e-06 1.956281077380171e-06 2.0853673709851874e-06 2.035050768505335e-06 2.236629201331105e-06 2.2163815725742398e-06 2.173264951172452e-06 1.9947347508934336e-06 1.845872307216334e-06
171 1710 8.600027923835899e-06 0 0 1.9380919105525905e-06 1.950064234670001e-06 1.9006633317291312e-06 1.992086921966639e-06 2.007938437970432e-06 2.1841325626836455e-06 2.184157315697734e-06 2.1283707229586415e-06 1.93059179478169e-06 1.7360024861364404e-06
172 1720 7.905656508364905e-06 0 0 1.76639522616475e-06 1.7868984544366543e-06 1.7397326406129423e-06 1.773129554313608e-06 1.818225077506397e-06 1.971580420022661e-06 2.0025017628745638e-06 1.9580785897978564e-06 1.7568426850222126e-06 1.579931115126337e-06
173 1730 7.197053736704135e-06 0 0 1.633438085313559e-06 1.5863883187901087e-06 1.5608231470822712e-06 1.6121006154784887e-06 1.638029250229883e-06 1.7898590336291947e-06 1.7615590073393642e-06 1.7886019098723283e-06 1.584102977069675e-06 1.4035822414406526e-06
174 1740 6.662033123159073e-06 0 0 1.5175104588774382e-06 1.4654456680956205e-06 1.4592934243026133e-06 1.4767810525303926e-06 1.4757146981085135e-06 1.6526670350695086e-06 1.5934138453890943e-06 1.6124244838334482e-06 1.4811855534019554e-06 1.2934339536255108e-06
175 1750 6.246813703442877e-06 0 0 1.4189624943441023e-06 1.3659635687746094e-06 1.3508971385422172e-06 1.3724835800264515e-06 1.3588561213394192e-06 1.5373074425720073e-06 1.4796296350731705e-06 1.447049798807598e-06 1.3858734076582366e-06 1.2157098345167502e-06
176 1760 5.872414593547168e-06 0 0 1.3366996895531158e-06 1.2832319904837319e-06 1.2597221576049696e-06 1.2771857812865885e-06 1.250866616345545e-06 1.4285804926864907e-06 1.3705260696202622e-06 1.3534829810250453e-06 1.3046969086401102e-06 1.1572966238347468e-06
177 1770 5.177492582294957e-06 0 0 1.1585464553235847e-06 1.1070088974735087e-06 1.0808063702200802e-06 1.129534013809488e-06 1.0939658391419141e-06 1.2452969293359165e-06 1.185281137926188e-06 1.187703318098262e-06 1.146015348794139e-06 1.0051436451846817e-06
178 1780 4.514306492130977e-06 0 0 1.0055584416580818e-06 9.443447317796215e-07 9.436429476893219e-07 9.78543113075211e-07 9.492044698411988e-07 1.0509101486631761e-06 1.012313187309239e-06 1.0275245820545478e-06 9.827894626041804e-07 8.669312830809867e-07
179 1790 4.160827351951094e-06 0 0 9.054130622890983e-07 8.702248450607382e-07 8.730766351684628e-07 9.041293580332645e-07 8.744290424969764e-07 9.799460455815076e-07 9.031453352259903e-07 9.286645890436748e-07 8.638982821654711e-07 7.585087311965552e-07
180 1800 3.594064041983722e-06 0 0 7.730311762875053e-07 7.415038915594061e-07 7.542130599295696e-07 7.707474125996642e-07 7.543098031979e-07 8.408508300775871e-07 7.572036273615109e-07 7.958705233373933e-07 7.153637615762213e-07 6.596558543369276e-07
181 1810 3.5923312150069378e-06 0 0 8.21533424153019e-07 7.352782854833384e-07 7.31910982683683e-07 7.686191146761043e-07 7.431562369038115e-07 8.31505381503051e-07 7.509625083360194e-07 7.536956197180257e-07 7.190424374430397e-07 6.46536590347479e-07
182 1820 3.4377813088343786e-06 0 0 7.606691773284866e-07 6.925034015831844e-07 7.021683014201991e-07 7.289017844763915e-07 6.93462282158317e-07 7.966800809942989e-07 7.110347851069873e-07 7.04168111141709e-07 6.936602264531988e-07 6.132636657902538e-07
183 1830 3.0318644981180077e-06 0 0 6.578413513275603e-07 6.140005603327019e-07 6.083999752819564e-07 6.191701282691836e-07 6.122417601977224e-07 7.017481552857145e-07 6.113931311613019e-07 6.197575417686747e-07 6.115391863641323e-07 5.318136130472212e-07
184 1840 2.6644377051823867e-06 0 0 5.718983167688584e-07 5.296211924254044e-07 5.364654615526758e-07 5.442657511319947e-07 5.323479824946557e-07 6.122570557382102e-07 5.244682535420171e-07 5.262485471655817e-07 5.330272373126691e-07 4.520794197419687e-07
185 1850 2.4568866118083184e-06 0 0 5.145295633777487e-07 4.842218283822298e-07 4.810399432413526e-07 4.885934097923465e-07 4.914304421732846e-07 5.624826154210566e-07 4.813581084760735e-07 4.968185258207112e-07 4.837823075651585e-07 4.001679201468596e-07
186 1860 2.563486466508186e-06 0 0 5.362153111262939e-07 5.088228161853352e-07 5.015473930555939e-07 4.983187464474314e-07 5.040726237621383e-07 5.797628636177247e-07 5.159175024286609e-07 5.197074701548702e-07 4.904633174958702e-07 4.264460608392468e-07
187 1870 2.5830728830510683e-06 0 0 5.260843583898174e-07 5.128096632269953e-07 5.14696012656331e-07 5.003296764511442e-07 5.039536954208195e-07 5.881786726621562e-07 5.168510305689843e-07 5.115523053576957e-07 4.883158037748941e-07 4.24274664849445e-07
188 1880 2.86988762113524e-06 0 0 5.748134105403857e-07 5.951108342804482e-07 5.535628958601333e-07 5.707034092422451e-07 5.657902085346492e-07 6.46000734208202e-07 5.841033158156502e-07 5.635050274866604e-07 5.506701629597736e-07 4.6462168451648793e-07
189 1890 2.9505342408467713e-06 0 0 5.95303688667226e-07 6.203884824526969e-07 5.814849494302602e-07 5.747822682110918e-07 5.752999875438547e-07 6.580085346864619e-07 6.018038323285814e-07 5.551482787247785e-07 5.628893496295759e-07 4.7423150230785886e-07
190 1900 2.8265842784340846e-06 0 0 5.720569407340991e-07 5.884083353747679e-07 5.486731874465264e-07 5.508226360486063e-07 5.413435954107716e-07 6.241164316811e-07 5.677663676844154e-07 5.21647403375346e-07 5.355971145579304e-07 4.484164579474587e-07
191 1910 2.6153122741000164e-06 0 0 5.080828694680762e-07 5.421231788498365e-07 4.902206986024953e-07 5.081301563257405e-07 4.99688347746493e-07 5.917328118359001e-07 5.211110850663511e-07 4.837331561355593e-07 4.85154865660143e-07 4.169104522008392e-07
192 1920 2.455190631739085e-06 0 0 4.6418359780320613e-07 5.055726115626929e-07 4.625769783762903e-07 4.7604157670300343e-07 4.675078069825912e-07 5.521054842374156e-07 4.814376309827922e-07 4.5032999881912155e-07 4.5374213118661304e-07 3.7622983276653443e-07
193 1930 2.374812081292866e-06 0 0 4.4067286839419226e-07 4.916902886774281e-07 4.5271213197027273e-07 4.61946020608257e-07 4.486968264881184e-07 5.318701163679755e-07 4.5745205440339774e-07 4.372338493881524e-07 4.2846536726651045e-07 3.668653952625515e-07
194 1940 2.1592708642966034e-06 0 0 3.983065169986686e-07 4.4682567468205355e-07 4.096894699316646e-07 4.184844226197946e-07 4.0144094874417247e-07 4.827740945172081e-07 4.1413605291511746e-07 3.9842794087323633e-07 3.768309295525531e-07 3.246230862940429e-07
195 1950 1.9426186419158057e-06 0 0 3.521469817281527e-07 4.067826061499752e-07 3.597721646085978e-07 3.806967726224647e-07 3.531431732957314e-07 4.303739492503203e-07 3.730887295835268e-07 3.54486469467142e-07 3.2701648201333116e-07 2.932216999306118e-07
196 1960 1.721022250372545e-06 0 0 3.1210763904372587e-07 3.6306505440287744e-07 3.113167709134018e-07 3.3381553129035966e-07 3.1049898203932916e-07 3.784773040736647e-07 3.2887730343112487e-07 2.967936626222981e-07 2.8772098270462e-07 2.614330810509205e-07
197 1970 1.5818929982520525e-06 0 0 2.830377276162049e-07 3.297041303118174e-07 2.9384385142847827e-07 3.112176129121821e-07 2.8396964929650094e-07 3.382690574560704e-07 2.8958027839032155e-07 2.7512937887290496e-07 2.6359314930001757e-07 2.3598033305363253e-07
198 1980 1.434905497075215e-06 0 0 2.550809820833326e-07 2.989670066795769e-07 2.579750166433006e-07 2.8935027212980855e-07 2.512416785306183e-07 3.108214140369175e-07 2.5893706597050685e-07 2.4371127169480176e-07 2.384568240905108e-07 2.123369658059082e-07
199 1990 1.2945933594748685e-06 0 0 2.282608813190514e-07 2.621543116259027e-07 2.3274199612892164e-07 2.4907430880731483e-07 2.2781737055025367e-07 2.747368062926999e-07 2.3019714963829924e-07 2.192536347981008e-07 2.1552874261704626e-07 1.911464338159424e-07
200 2000 1.1992771954654921e-06 0 0 2.029531038400416e-07 2.415791049287484e-07 2.1853364406998382e-07 2.3249070302897763e-07 2.0774982723520779e-07 2.515622287945112e-07 2.1131673529350235e-07 2.07532646015152e-07 1.952588532343777e-07 1.7598160954174221e-07
201 2010 1.0829227350032937e-06 0 0 1.824072682207128e-07 2.180998838281022e-07 1.9134225644118325e-07 2.093346440421565e-07 1.8672374843739078e-07 2.1817510742305497e-07 1.891257141448828e-07 1.8772085908734123e-07 1.763657641282507e-07 1.5642471680203697e-07
202 2020 1.1290875251994266e-06 0 0 1.894055077150642e-07 2.2592924305889155e-07 1.9572826044901678e-07 2.1757417042190533e-07 2.0171066806853234e-07 2.2989401296584512e-07 1.9285101135337981e-07 1.9507052847092856e-07 1.8018837476411894e-07 1.6330645327371245e-07
203 2030 1.043409720856852e-06 0 0 1.7090973967979404e-07 2.069224808584678e-07 1.8170325009303434e-07 2.022971072001528e-07 1.8803136998911496e-07 2.1063042173756317e-07 1.6774763700322315e-07 1.7607978210836776e-07 1.6543287370422715e-07 1.4977959708310325e-07
204 2040 9.464683174050736e-07 0 0 1.5612769439907392e-07 1.8459740844106614e-07 1.59438385068032e-07 1.8282466333391396e-07 1.6815027560257815e-07 1.9076277761965358e-07 1.518980758471111e-07 1.6090580854759342e-07 1.5146085702840146e-07 1.311691803237275e-07
205 2050 8.404627087216985e-07 0 0 1.3789554927283218e-07 1.6099640882349217e-07 1.4118063192326407e-07 1.5971576912022037e-07 1.4635377145523495e-07 1.7073505836197442e-07 1.305196323373529e-07 1.442875189343627e-07 1.3453568155854233e-07 1.1456164960175787e-07
206 2060 8.477454705558729e-07 0 0 1.3816688377281446e-07 1.5889759334758874e-07 1.4236271759127441e-07 1.5936626059639054e-07 1.455923768511585e-07 1.6932374327216472e-07 1.3260794477064378e-07 1.5071974324897656e-07 1.3588344549273926e-07 1.1679987453176002e-07
207 2070 7.601420452605975e-07 0 0 1.2289300070671436e-07 1.4072284702966207e-07 1.2718352470107718e-07 1.3972493979747133e-07 1.3040633479295538e-07 1.4497650258352905e-07 1.1754489371135166e-07 1.357191070527647e-07 1.2064732977451481e-07 1.0361098614684934e-07
208 2080 7.507306749066759e-07 0 0 1.2473180574742692e-07 1.3750080456652386e-07 1.2470719657563843e-07 1.3921257710631454e-07 1.269713548393818e-07 1.4311561470642328e-07 1.1354443858344436e-07 1.3251179612869278e-07 1.1653266147044819e-07 9.997592038294315e-08
209 2090 7.201747511075139e-07 0 0 1.1999788939970586e-07 1.3475789654176883e-07 1.1547794708721794e-07 1.2681161774562778e-07 1.2096262547206362e-07 1.3654126028924774e-07 1.0975207075936267e-07 1.253264147222709e-07 1.1169523305367773e-07 9.412815712010995e-08
210 2100 6.707513242972757e-07 0 0 1.1047844590824731e-07 1.2338877728475364e-07 1.0624770308291786e-07 1.1767567627719639e-07 1.1264078112459869e-07 1.267620870478118e-07 1.0219883589371874e-07 1.1298926189859101e-07 1.0372321995170348e-07 8.920261705742747e-08
211 2110 6.236159346818752e-07 0 0 1.0238481036065157e-07 1.1501508157978041e-07 9.798998092366003e-08 1.0706483307194296e-07 1.0549456141121674e-07 1.1563363406233732e-07 9.212173972600344e-08 1.0319589229340755e-07 9.579305673598919e-08 8.179818698166561e-08
212 2120 6.057375519529265e-07 0 0 1.0116983227839568e-07 1.1098705300565968e-07 9.205948008095885e-08 1.0302003517333616e-07 1.0091702927065743e-07 1.0783932448699672e-07 9.02708191978165e-08 1.0059887542508037e-07 9.231885283163074e-08 7.870676165899657e-08
213 2130 5.682255538095643e-07 0 0 9.687883278398186e-08 1.0256517152416194e-07 8.663471858989424e-08 9.487600656739001e-08 9.450241769876838e-08 9.65683086352656e-08 8.281136023007005e-08 9.343958323791198e-08 8.59530112651362e-08 7.371365258997587e-08
214 2140 5.238775706549257e-07 0 0 8.921001846839523e-08 9.346648324692234e-08 7.911586524920934e-08 8.752216672230556e-08 8.752025781575993e-08 8.575398680853746e-08 7.346475223191297e-08 8.650428850867586e-08 7.995213452590542e-08 6.729074693606063e-08
215 2150 4.6771181955761447e-07 0 0 7.96962686474426e-08 8.295094877175146e-08 6.948157693202852e-08 7.698108398721451e-08 7.651270367912399e-08 7.577064946912223e-08 6.370242147096583e-08 7.711934029005216e-08 7.067826642278606e-08 6.13553207683656e-08
216 2160 4.3151072102867085e-07 0 0 7.463154687207755e-08 7.609623090326771e-08 6.231958577552233e-08 7.084041572440722e-08 6.935579204377531e-08 6.837108282888788e-08 5.860950721944482e-08 7.127853419377105e-08 6.579798546725539e-08 5.484924152245138e-08
217 2170 4.187060940607332e-07 0 0 7.253127074554979e-08 7.095293945033931e-08 5.942568360165326e-08 6.866354491528296e-08 6.577982373400535e-08 6.679819540758707e-08 5.66368391933307e-08 6.970854473224947e-08 6.19355970050151e-08 5.465736454696584e-08
218 2180 4.1688892198816465e-07 0 0 7.154773040024902e-08 7.128814563043968e-08 5.9133563922403654e-08 6.883344029668523e-08 6.507310750662896e-08 6.550623432376981e-08 5.55961013314523e-08 6.628096004579958e-08 6.14464277872929e-08 5.5378970142127774e-08
219 2190 3.939686351322886e-07 0 0 6.578205005287968e-08 6.66637527566566e-08 5.583842281129734e-08 6.470545895714431e-08 6.188076155425104e-08 6.09826146825147e-08 5.236217280698697e-08 6.269678846915206e-08 5.71789045739419e-08 5.129779671571194e-08
220 2200 3.626727344063852e-07 0 0 5.9231613697671984e-08 5.94589002954965e-08 5.036631546139357e-08 5.961249022877556e-08 5.5846352620393025e-08 5.5426787972986315e-08 4.8031818980342405e-08 5.8129480773228754e-08 5.203151807072178e-08 4.734866332713502e-08
221 2210 3.403556436405097e-07 0 0 5.590238865084259e-08 5.602348004178396e-08 4.644384707867043e-08 5.386740520055038e-08 5.215213151446317e-08 5.168491840425888e-08 4.558442414167515e-08 5.377650174976366e-08 4.9361794194886356e-08 4.433071649522592e-08
222 2220 3.145010570389979e-07 0 0 5.072379100741195e-08 5.188669562572319e-08 4.1824656223604054e-08 4.9107678315797734e-08 4.7704479529021526e-08 4.6023842071773024e-08 4.182260767804321e-08 4.9644583453961764e-08 4.556944981263743e-08 4.0692961068389655e-08
223 2230 2.938534098412141e-07 0 0 4.65495939475868e-08 4.893307538686572e-08 3.824119773964781e-08 4.543771296126915e-08 4.4412450831013455e-08 4.382123463315746e-08 3.834820522626236e-08 4.552152149505525e-08 4.233350720206076e-08 3.6995421045481646e-08
224 2240 2.879933766294677e-07 0 0 4.522136289576326e-08 4.787572066157043e-08 3.8098600423519955e-08 4.391825312371611e-08 4.3476903421722595e-08 4.17508342259294e-08 3.7178185747545897e-08 4.438165003498611e-08 4.110088648196502e-08 3.593001535862935e-08
225 2250 2.6673123504596407e-07 0 0 4.118779832694473e-08 4.3449899540273685e-08 3.5093405434005106e-08 4.0557814558715345e-08 4.049906714275992e-08 3.868470912576568e-08 3.261447297832029e-08 4.056011675486078e-08 3.882011694146435e-08 3.2997764987636135e-08
226 2260 2.4505586742212124e-07 0 0 3.726464437288607e-08 3.953159363624473e-08 3.237017624698382e-08 3.6972507505743733e-08 3.656873323813786e-08 3.401752506863091e-08 2.9101171772252665e-08 3.684462422861539e-08 3.566284343398302e-08 3.030804001920834e-08
227 2270 2.4518079385957295e-07 0 0 3.711420683603683e-08 3.935829920511997e-08 3.252452858166324e-08 3.639395537399828e-08 3.636395100215012e-08 3.4380728349848345e-08 2.8930724593281597e-08 3.642530238285114e-08 3.706622681576572e-08 2.9718702761702915e-08
228 2280 2.2790265702744045e-07 0 0 3.4399182772031926e-08 3.629101995616021e-08 2.98110424474383e-08 3.3147969970191856e-08 3.2508966682828383e-08 3.186256189365455e-08 2.6780037981018757e-08 3.3252458406803745e-08 3.473878789893133e-08 2.783182260385643e-08
229 2290 2.078606084998599e-07 0 0 3.116618168206274e-08 3.2435759599979337e-08 2.70877811794972e-08 3.054949674240792e-08 3.0339649479760735e-08 2.846300232988794e-08 2.4557178924400725e-08 2.972469437928848e-08 3.091637150899788e-08 2.5565146196717897e-08
230 2300 1.9394374605768115e-07 0 0 3.09195663044123e-08 2.939679061188778e-08 2.4652965373897497e-08 2.785393103977826e-08 2.815056711248891e-08 2.6457476943435682e-08 2.3216772600004813e-08 2.777319508545322e-08 2.793584852554228e-08 2.3693317337950712e-08
231 2310 1.7989867180339176e-07 0 0 2.869007064843494e-08 2.6460373788385226e-08 2.291750368536786e-08 2.5935596905176887e-08 2.585503417648025e-08 2.425348618358935e-08 2.146968702828236e-08 2.4365846327235435e-08 2.6284980101016246e-08 2.1952110337797195e-08
232 2320 1.69464432568262e-07 0 0 2.7191073990390364e-08 2.451904766877175e-08 2.1446890733859795e-08 2.3786691073755232e-08 2.4306806400381626e-08 2.265574407940655e-08 1.9853663905253153e-08 2.242369365907444e-08 2.4693928035227438e-08 2.0932687573419738e-08
233 2330 1.5550046380694737e-07 0 0 2.4096646488285136e-08 2.2390804646466774e-08 1.9690871199223773e-08 2.1532702929157784e-08 2.1897761104709126e-08 2.0546222989595536e-08 1.843850017538032e-08 2.073757359616816e-08 2.2519236167738938e-08 1.8889714508047815e-08
234 2340 1.4272964875575795e-07 0 0 2.1806049036755134e-08 2.0558639395869096e-08 1.7736366572124366e-08 1.9547213821361547e-08 1.983029717860145e-08 1.861922239264855e-08 1.6807475381578528e-08 1.9429378351179965e-08 2.098130704805777e-08 1.7329591773033127e-08
235 2350 1.4114953008985983e-07 0 0 2.1729186669681515e-08 2.0260662424508088e-08 1.7478562375410177e-08 1.9404875641044375e-08 1.9381094453889676e-08 1.8310615702026933e-08 1.7340396222827322e-08 1.8348434245579573e-08 2.0229751336456214e-08 1.718317847686479e-08
236 2360 1.3201289304405383e-07 0 0 2.017813884904912e-08 1.8765884640995756e-08 1.618734111282424e-08 1.7618705490909107e-08 1.788032157864994e-08 1.682961825452339e-08 1.61406922199937e-08 1.7037753842217457e-08 1.8724340535624343e-08 1.5682741665873533e-08
237 2370 1.130909018224362e-07 0 0 1.718450420544745e-08 1.5533502590371646e-08 1.3473831623885285e-08 1.5104854251551906e-08 1.4750756259822087e-08 1.4400051499168448e-08 1.378929377306966e-08 1.4565511620490999e-08 1.5771134938230198e-08 1.3449027731734507e-08
238 2380 1.0368869512856888e-07 0 0 1.5792141330546804e-08 1.4005295932636962e-08 1.2349949275631785e-08 1.3928339370203326e-08 1.291911467192446e-08 1.3276848251259286e-08 1.226786854145944e-08 1.3317708301080842e-08 1.4196705940443947e-08 1.235360902376621e-08
239 2390 1.0017570260362192e-07 0 0 1.563085438392076e-08 1.3294451453468445e-08 1.200089288497501e-08 1.3476589186014285e-08 1.259142560811132e-08 1.246110417179904e-08 1.1712847371271742e-08 1.245747824494385e-08 1.3632287595227259e-08 1.176967531335318e-08
240 2400 9.457900512566084e-08 0 0 1.4365534696866721e-08 1.2317734889865618e-08 1.1434043281341053e-08 1.24960581866178e-08 1.1667803082956019e-08 1.1731175045350586e-08 1.0983798918610533e-08 1.1635423014676932e-08 1.2573578680032664e-08 1.1149740872957011e-08
241 2410 9.213763161040908e-08 0 0 1.3649075631596282e-08 1.1980271227898396e-08 1.1503229338927546e-08 1.2172828345406903e-08 1.1314794918284276e-08 1.1008698077400398e-08 1.0735717143219381e-08 1.1252867916541613e-08 1.2011861115628996e-08 1.0706265110350548e-08
242 2420 9.138384905436938e-08 0 0 1.348491710032191e-08 1.1726334428964273e-08 1.149423508839713e-08 1.1886113922355502e-08 1.1084957640432005e-08 1.1315304212353683e-08 1.0264191660387037e-08 1.1133690914488535e-08 1.1908608179511934e-08 1.0833344944388114e-08
243 2430 8.065657318648674e-08 0 0 1.1912077741227015e-08 1.0342056497380113e-08 1.0111264357512267e-08 1.0450723090399623e-08 9.212221825784268e-09 9.870270187641027e-09 8.906178926856281e-09 9.535011113607906e-09 1.0379950955546393e-08 9.501168972767126e-09
244 2440 7.564413929496666e-08 0 0 1.103250587123685e-08 9.562631267831567e-09 9.415558173369982e-09 9.642198747412175e-09 8.704962025172163e-09 8.91927533612113e-09 8.270772023003992e-09 8.732560863628419e-09 9.22048763999537e-09 9.220346982802507e-09
245 2450 6.62699733540956e-08 0 0 9.706433540679265e-09 8.231535677188517e-09 7.776791645818464e-09 8.252793357263444e-09 7.484946336617534e-09 7.742823651618458e-09 7.21495593707282e-09 7.62227251773679e-09 7.955593311530078e-09 7.981678208064864e-09
246 2460 6.076274941486677e-08 0 0 8.862490329353456e-09 7.494637819581382e-09 7.0328352560673835e-09 7.454157409235156e-09 6.912903787653143e-09 6.879450717873235e-09 6.6434517614529546e-09 6.968710030884928e-09 7.152346444249842e-09 7.308082394995259e-09
247 2470 5.5587206193867994e-08 0 0 7.882309268623062e-09 7.030550447666751e-09 6.458611208007875e-09 6.784752151630852e-09 6.103169697727041e-09 6.242455372118637e-09 5.987227321589327e-09 6.2203831730628255e-09 6.537285288130567e-09 6.5888727817066024e-09
248 2480 5.035441962922015e-08 0 0 7.037784209668976e-09 6.340643090228019e-09 5.8578339676708305e-09 6.135800140397294e-09 5.38617110990191e-09 5.467206057448624e-09 5.376467903213981e-09 5.544554184304549e-09 6.001849053528291e-09 5.89705599437643e-09
249 2490 4.567190926194538e-08 0 0 6.298106273103073e-09 5.603388421027899e-09 5.28586667119769e-09 5.5075476544243676e-09 4.803854835443191e-09 4.939225481212509e-09 4.81288048043237e-09 4.966551806350331e-09 5.415809216787378e-09 5.408195169710176e-09
250 2500 4.326426080932998e-08 0 0 5.846475172420575e-09 5.203304224248381e-09 4.764036543944796e-09 5.195498666352176e-09 4.530735116025213e-09 4.675112866749853e-09 4.553379945367554e-09 4.6439324471549e-09 5.047601628972533e-09 5.153420568365445e-09
251 2510 4.3734925239628877e-08 0 0 5.93562772784754e-09 5.2541257459987915e-09 4.935869195892711e-09 5.188859606828802e-09 4.572578835348855e-09 4.733031221167404e-09 4.551875943320204e-09 4.718024682229153e-09 5.074716168810478e-09 5.1754027107632925e-09
252 2520 4.164472539731352e-08 0 0 5.510051186515706e-09 4.961979811966199e-09 4.669418416614556e-09 4.910351680251761e-09 4.3685966680276245e-09 4.47808477950647e-09 4.285941271767667e-09 4.4286076638520056e-09 4.723603638072335e-09 4.8486586037521314e-09
253 2530 3.942265513641296e-08 0 0 5.108458209237142e-09 4.704852145311642e-09 4.347850359934399e-09 4.543726019712575e-09 4.055931315240822e-09 4.166681163000604e-09 4.066289666548084e-09 4.236974951996766e-09 4.42400506669376e-09 4.520722543899675e-09
254 2540 3.904730338444792e-08 0 0 4.98140739445561e-09 4.5985311384410706e-09 4.218817122686954e-09 4.431343700769471e-09 4.0082758330830725e-09 4.079244874016158e-09 3.9929279678461164e-09 4.079333376553359e-09 4.394122225472302e-09 4.448382527457426e-09
255 2550 3.531943004176322e-08 0 0 4.443275454373899e-09 4.220339564264921e-09 3.773329756014629e-09 3.91363967283957e-09 3.5226945333514733e-09 3.641223870368814e-09 3.569915687088682e-09 3.6254517382894695e-09 4.030821912141394e-09 3.922171117305641e-09
255 2550 3.531943004176322e-08 0 0 4.443275454373899e-09 4.220339564264921e-09 3.773329756014629e-09 3.91363967283957e-09 3.5226945333514733e-09 3.641223870368814e-09 3.569915687088682e-09 3.6254517382894695e-09 4.030821912141394e-09 3.922171117305641e-09
