% # columns="iteration, evaluation, void, void, void, xmean", seed=645506, Mon Mar  2 21:47:18 2026, <python>{}</python> # scaling_of_variables: 1, typical_x: 0
1 10 0 0 0 -0.19586000736095807 1.2398985922990544 -1.2045885796249929 -0.47174677053333336 0.8215369973554734 0.9211973557564969 0.4799465784447918 1.1284271895880027 0.4402516243891953 1.0259154816120892
2 20 0 0 0 -0.6677704629911247 1.1471246324989592 -0.9702312194439435 -0.6384689277941963 1.184157604820095 0.5886143702394093 0.14019175813092288 1.5432329452162377 0.5862210559267965 1.090532619067908
3 30 0 0 0 -0.9078546272029722 0.6916478826490853 -1.201162766321866 -0.5290289398944623 1.080243802001557 0.3528513440961174 0.2609681859602448 1.0928428655652063 0.5024493510350236 0.9594415135366293
4 40 0 0 0 -1.0674534766088812 0.3275930666957063 -1.1382075406431171 -0.789769578246853 0.9732750813635129 0.4199878021752685 0.4636052806607246 0.9526758228644991 0.4787622093689277 0.4987569742994802
5 50 0 0 0 -1.0702642229860195 0.05496335919809257 -0.966040332110041 -1.0016127463822 0.8934603010518178 0.3471489498261735 0.43341239178155955 0.996818576405059 1.011546682292954 0.5574135609380197
6 60 0 0 0 -0.8402783579762686 0.2055642546796163 -1.3059680713182586 -0.9006795458571137 0.611248388240264 0.47515531639271286 0.2738236284025694 1.1698833248368177 0.7772182258437755 0.5178593830090326
7 70 0 0 0 -0.19870941969512937 0.1243988924191609 -1.4160836492941964 -1.0589268449056592 0.30273331072460535 0.07234868098256393 0.018421766612250506 0.6433844620083602 0.9243405316512157 0.5816458814015765
8 80 0 0 0 0.0864626394386919 -0.013436178766533052 -1.2182823808634105 -1.151158639729887 0.07549642592879505 0.13524203565562035 0.10761787570666413 0.2634664968194348 0.9527899025699709 0.6115953556126408
9 90 0 0 0 -0.24090586166017838 0.0676959123399516 -1.467769494351047 -1.0865423842336153 0.10246602926600865 -0.02899878275164526 0.41064428238998907 -0.10927827313597427 0.7473858338241548 0.9987979991928435
10 100 0 0 0 -0.12083120543431107 0.2225712598177798 -1.6817922991801404 -1.4463810883349109 0.7003353919720385 -0.052337771849364105 0.33427591137524115 -0.19969330145927178 0.4753940752061803 1.1221380564422345
11 110 0 0 0 0.3048922709945644 0.11207001518668702 -1.375445808158667 -1.9057378234837514 0.08050210620657623 -0.4277991482030783 0.06945424605070236 -0.43052138889007513 0.905667160835858 0.9374337517901733
12 120 0 0 0 0.4956338821977847 -0.20863436410753033 -1.1288045661443737 -1.9152402893397829 -0.2723511215344433 -0.7222412492221268 0.17446771465052613 -0.44499975822421173 0.9189144268417744 0.713269626493577
13 130 0 0 0 0.2858615920887101 -0.5086412060528498 -0.9970139205474329 -2.0537677445688645 0.17553462736801567 -1.1408116082595945 -0.06823614076466404 -0.6105837736761366 0.7064606717307836 0.5464610261383767
14 140 0 0 0 -0.5922857108371666 -0.886987928499473 -0.2588681685332114 -2.0744962143543724 0.5386422186382149 -1.4558311640292603 0.2576669151142278 0.17457922185346592 1.2588467080473102 0.3335641663901341
15 150 0 0 0 -0.8723887515078378 -0.7734839227297126 -0.4789330588265774 -1.657857645405362 0.5384530054131751 -1.108129511873207 -0.135135016644087 0.6242993060566885 0.7695801839577853 0.08188930157667032
16 160 0 0 0 -1.2155889403254085 -0.8094931050989199 -0.30156770768119007 -1.8787013727842563 -0.0048071478960275554 -1.1179466856705593 0.6651603436754094 0.5900564421983794 0.6190755611986042 -0.15885434912233873
17 170 0 0 0 -1.493289485105652 -0.29211809832424246 -0.6029582253323701 -1.7275628190119359 0.4914231658426867 -0.7215875095783488 0.3510851683869381 1.0359497442875791 0.46690484050859316 0.09509082754623134
18 180 0 0 0 -1.2560367878076606 -0.23040500123132585 0.0009400477624811471 -1.602380742487607 0.2431622353240259 -0.4103821737742096 0.0434627237506557 1.1748063566492013 0.47312530616605536 0.5327617032223058
19 190 0 0 0 -1.149391853594086 -0.19448256639952546 -0.0486438491664779 -1.5238127696364412 0.31015617533973205 -0.3395992257075907 -0.13278521224285947 0.7459702018449623 0.3159643837991227 0.041481825436498684
20 200 0 0 0 -1.15243861826975 -0.33645162470144496 -0.013021816315721402 -1.3888622008704403 0.4078079925677424 -0.14797590102984934 0.05466974686446181 0.38857731075579316 -0.16489897931508501 -0.0791634406616388
21 210 0 0 0 -1.2012115090339857 -0.2341783343903045 -0.11763781740085921 -1.3101161470095712 0.30689082639907317 -0.3402470244175151 0.2896904397086837 0.3308121556665651 0.11441537891252657 -0.2204663166509343
22 220 0 0 0 -1.5029919846073567 -0.053177521749737 -0.06648356834414473 -1.0060719086478567 0.5218849006220005 -0.5483937151052399 -0.058861468323517616 0.6267207147407072 0.18013890228977733 0.11221606394577127
23 230 0 0 0 -1.2544646285706975 0.00585758473146307 -0.35302178980885085 -1.115069704266205 0.8511115549659387 -0.5520956033382693 -0.5298768929778002 0.6110705266015257 0.008290972946246963 0.34286214479167043
24 240 0 0 0 -1.8629365831554046 -0.44374691442348346 -0.06629390840445445 -1.2966200159342853 0.6827379831220682 -0.6104180485779371 -0.1732174685336237 1.0035159844141093 -0.04277026978495438 0.059278034606215155
25 250 0 0 0 -2.2735672222740755 -0.4581589894899887 -0.09678880373217058 -0.9404075582957372 0.7239936363641094 -0.461866051961627 -0.1761034676392449 1.2164994656718893 -0.18874156140076048 -0.0057362557658616475
26 260 0 0 0 -2.0540124773252972 -0.6984781061561773 -0.15321479060240367 -0.7152740088791765 0.46327764872128757 -0.8082452648214817 -0.3356240926992027 0.9283663489766802 -0.11551123238960637 0.14675404152478974
27 270 0 0 0 -1.5572073695199942 -0.5907821714686012 -0.21165172862766107 -0.8564717527328911 0.5839347404526227 -0.7220515271074537 -0.8618290130817515 0.9146968259662245 -0.22668419524958108 0.029298985481297092
28 280 0 0 0 -1.376716189970978 -0.8881288759315177 -0.2522604589426654 -0.9822207173979791 0.29245664567247687 -0.8454604672389141 -0.5739460240275176 0.07609141138062245 -0.05744962012336347 -0.06284797011036894
29 290 0 0 0 -1.2222018231848053 -0.6336849829581527 -0.28415652501712424 -0.9946365233918155 0.7277975138802891 -0.7368454811235052 -0.9815811267120242 0.1356338125054969 -0.236626209269029 0.12068961660465319
30 300 0 0 0 -1.6585561935048618 -0.6221871288079504 -0.34142544223704685 -1.1357945426018403 0.8027470830571525 -0.9247159460322392 -1.0357071374961255 0.10036868721277878 -0.19897145556936868 -0.00713454328442166
31 310 0 0 0 -1.6412046145118135 -0.7155805573395465 -0.32277973273981453 -0.954034587617186 0.5283442439194179 -1.0460554877204349 -0.9734899378523367 0.016739642106146924 -0.2142752412379401 -0.007632023142309388
32 320 0 0 0 -1.4451093302215683 -0.7998454288363257 -0.21190376704651337 -0.8181122793926819 0.454965333915744 -0.8942262099724398 -0.7604735241992109 -0.12821834892286307 -0.18126097741519837 -0.03621247375444245
33 330 0 0 0 -1.7390662235977132 -0.6143527435858103 0.1554280344217635 -0.46123290207821377 0.6813799715900791 -0.893864599764858 -0.6774055299031898 0.5588251428460574 0.0867720292200983 0.01905537156723653
34 340 0 0 0 -1.5818219536249747 -0.3665797374206207 0.21290771928159535 -0.3014400936595667 0.8607736210022499 -0.8210136614553559 -0.6802257938226673 0.5905875405344203 -0.0782881320544784 0.12682107664939124
35 350 0 0 0 -1.7668972048328375 -0.23880418039755738 0.2618619662568313 -0.1148363928341788 0.9535342291384681 -0.4885458335272363 -0.7239883827139642 0.8218991330036965 -0.5163168908970713 0.03475482119911379
36 360 0 0 0 -1.5608515778332892 -0.23777597954358887 0.14516738717132263 -0.014737950969069408 0.9426565450483575 -0.3612159626643614 -0.9183433824111424 0.5617778644557874 0.02621206421102958 0.1295707895789283
37 370 0 0 0 -1.7749938158284595 -0.2852144125741907 -0.26334766162412837 0.053060577056903285 0.909372519581216 -0.5159852813601022 -1.0844973031655 0.3934862560071339 -0.05202003806592026 -0.19500751922919107
38 380 0 0 0 -1.8178096403116766 -0.25660778223019914 -0.2963082174977959 -0.023814542482857172 1.0410786295815604 -0.4629812238933615 -0.7830778767984536 0.25660796049791235 -0.31545469236812834 -0.3315359553081492
39 390 0 0 0 -1.7586895742004147 -0.5123399617787947 -0.39604581843109204 -0.0681903291426972 0.9344897513998904 -0.6269070974199985 -0.4669061040549517 0.1463724152999125 -0.4304709106201686 -0.21211767402487613
40 400 0 0 0 -1.8363006090660665 -0.13150152222745076 -0.2916041164744303 0.2640691912573706 0.961233454382646 -0.2872018710372227 -0.3719219958981308 0.4733836968624993 -0.5339708868463028 -0.01899908018453804
41 410 0 0 0 -1.8453809744696132 -0.12838778620412292 -0.4564146894066938 0.23700629085322214 1.0072201684212143 -0.10214127704790973 -0.14222377325289348 0.5480361995257065 -0.29957198440961125 0.16376136530089963
42 420 0 0 0 -1.861405814331452 0.03571743508520826 -0.4322332420968223 0.3510081285892945 1.0508471668293584 -0.08704888155340301 0.03151782192105614 0.376465552372088 -0.3071753650942789 0.18038597701472547
43 430 0 0 0 -2.309802882276462 0.038020976907698484 -0.16431478213434048 0.8211641678965813 0.8623503597260216 0.03082194444447869 0.13670187389738242 0.7483540152677471 -0.48098999186395175 -0.01768982873896723
44 440 0 0 0 -2.363159664714254 0.12350192271493415 -0.19490050900920025 0.8663015354071166 0.8906811256405625 0.5118796659744624 0.23846494925696626 1.033465499186702 -0.7232639457987796 0.0344502426597087
45 450 0 0 0 -2.621513557141057 0.12046781447387347 -0.2606565881541779 0.9538971775985874 0.7531008474389331 0.48553323330376474 0.31816611384595017 0.9544356968078309 -0.6763407180358195 0.2655162272581387
46 460 0 0 0 -2.590265771513949 -0.11611755171738584 -0.04229603152693593 0.3832417600330922 0.7112142063057407 0.09880357419473386 0.016030839009232946 1.013522466834956 -0.8136898279352607 0.1238121260988805
47 470 0 0 0 -2.3202071948181135 0.14890527080711724 -0.03749339685030994 0.45456948320353857 0.9247205325543427 0.20724078966948667 -0.07427269135028788 0.775326520073752 -0.6004512608460035 0.36036373117718046
48 480 0 0 0 -2.2113880022723067 0.2410634606320135 -0.022257794135690782 0.3231932336937887 0.8799004260352841 0.3003191809268723 -0.279732336259615 0.58547952763136 -1.1003807305724345 0.20833800662583482
49 490 0 0 0 -2.147809341173569 0.1610775976388498 0.03673508464110592 0.09004914235736701 0.9355661647091866 0.31476735080691653 -0.06569663397031258 0.4286790777409787 -1.3429231698531723 0.2318327945727869
50 500 0 0 0 -2.079396650789753 0.07440662835991607 0.0008601206692190565 0.030806961554054255 0.7597251056992586 0.1603721873959903 0.2808295257360841 0.08383292284496971 -1.30877307612726 0.5044677398412171
51 510 0 0 0 -2.0879999105817832 -0.0726337757718238 -0.04427674599371485 0.07168015673647858 1.0147425075371679 0.21426269621842964 0.5677427650814943 0.32936923666950535 -1.0583132843340564 0.7248245049956575
52 520 0 0 0 -1.8787935680043553 -0.05749742993160981 0.0655466523837489 -0.012236963496504775 0.9285391805407153 0.11874003101590588 0.500898819444461 -0.020745934617096784 -0.8531201986555047 0.9976080365637748
53 530 0 0 0 -1.9202994825590578 -0.08449105294208205 0.08428191085814371 -0.09146874095858007 0.9874015983008101 -0.005183007700670452 0.35891983871678246 -0.251001845840072 -0.933340810544419 0.9467842308341357
54 540 0 0 0 -2.1497653194820394 -0.08536243267799855 0.04491552313336456 -0.3130480617051484 0.9353547725286533 0.18320351628959983 0.42570480734473015 -0.2219407856517831 -0.9448376737833506 0.8139766739951635
55 550 0 0 0 -2.090730326913788 -0.1018993622561422 0.07608214114326613 -0.2571548858322704 0.8647404079996851 0.3843853649052059 0.6294399552050844 0.19164921002894766 -1.0318146964243513 0.9082755615685758
56 560 0 0 0 -2.1152848848304453 0.04797195686765231 -0.04708528991554414 -0.40930915348596764 1.083592325297193 0.45322528544397245 0.5416082358768414 0.09147128693206072 -1.2104386649095682 1.0213079472995787
57 570 0 0 0 -1.8545725933657 0.10022692723377674 -0.047836134716152307 -0.7880832110940228 1.053893516350496 0.14620630637473453 0.3547410084442955 -0.25831701276774777 -1.0380069411819497 1.1755740197505353
58 580 0 0 0 -2.015211254891355 0.11442071751570206 -0.06906163596093176 -0.8393053135693734 1.0615824002260275 0.0903363797363102 0.28434479730619566 -0.15555760552856454 -0.8334531273920169 1.1461278169236775
59 590 0 0 0 -1.9085830141250233 0.07503826814874599 0.09643447173749228 -0.8902261696695672 1.0413286434874793 0.003810349849209506 -0.10373044784450589 -0.0787912619576942 -0.696959101030552 1.2971963616488602
60 600 0 0 0 -1.9710125751197425 0.1823171286435687 0.11072238274939958 -0.8903180968620317 0.9612675952757336 0.006930767259036536 -0.006129306374685235 -0.07228350122624867 -0.8690826238166163 1.272536098492277
61 610 0 0 0 -1.961979398401089 -0.01971073749567495 0.008788966254076179 -1.1555113091994147 0.9619531793156129 0.056685299352327446 -0.3709598772065841 -0.11082041133602907 -0.7980379317137327 1.1997805309084715
62 620 0 0 0 -1.960986901389509 -0.15860356319261057 -0.033476817944080375 -1.0121535555051655 0.8651392413144047 0.20349976571637896 -0.21895536172348204 -0.11222191802051379 -0.9965120034915809 1.1416662636709485
63 630 0 0 0 -1.9449482006927812 -0.0830953190673803 -0.1475513947151948 -1.0079614316904046 0.983571427712825 0.1940759312592006 -0.4172116601173044 -0.11793980083681738 -0.941072169958505 1.0102331715923532
64 640 0 0 0 -1.9352309814204969 -0.009960718178177463 -0.16292850667370895 -0.99922047096389 1.0774114858204669 0.32781970428381285 -0.2311312769165786 -0.1265406505875503 -1.0602095933064728 1.0181016312858526
65 650 0 0 0 -1.9369050288243725 -0.08446032096458364 -0.14354238110135947 -1.080283522885914 1.100501064374674 0.35581589532629476 -0.14442713362831688 -0.07301038749350856 -1.1552187576601736 0.9649375733380554
66 660 0 0 0 -1.869992907453133 0.020042327509060234 0.053262791947084456 -1.0179170726360112 1.0375223503524396 0.45396990489483574 -0.07613525610446523 0.06652302309709993 -1.1256710384588648 0.9221255604476759
67 670 0 0 0 -1.951655975217932 -0.10740071134505316 0.052100373512215456 -0.9788100689770509 1.068034229017368 0.629328608769954 0.10075501004775456 0.15242637829207448 -1.057563449992015 0.9048754775538714
68 680 0 0 0 -1.930401588138178 -0.10705901871243892 0.0027031613718515833 -0.965828091470676 1.007637873571133 0.4120213346592258 0.11961995815770626 0.11354881455422292 -1.0477007976922899 0.9322612993346246
69 690 0 0 0 -1.9709917945912832 -0.0062881981827758344 0.006240550204648816 -0.9398407416737937 1.1058406204739637 0.26217831031507305 -0.04096861591611527 0.08665537204847262 -1.0170055093022388 0.8656402139731749
70 700 0 0 0 -1.8766578615500382 -0.055728821349893404 -0.048038326738701786 -1.0667819605669722 1.0894005084053224 0.18020671163218852 -0.002968938262464766 -0.13857017914363806 -1.0882505521787982 0.953419232232491
71 710 0 0 0 -1.8715761095446606 -0.019951659222172725 -0.03918458144928958 -0.9213356299479916 1.084618797562996 0.2020272649360725 -0.0017351730304318172 -0.06889546414162025 -1.1623251305689333 0.845047636170861
72 720 0 0 0 -1.8201382577494023 -0.10629677344051876 0.014174087871122037 -0.9722243552402905 1.0420762825028502 0.07450034826013381 -0.13089617572365822 -0.08541030824673626 -1.0156698689435708 0.8743159590895824
73 730 0 0 0 -1.8225819253858233 -0.06795510594436358 0.0402876433858554 -0.9113213394149067 1.0047516956283848 0.0005271873203796934 -0.12680871459696885 -0.09862737049159453 -0.9867410877062395 0.9761223006239214
74 740 0 0 0 -1.87239002781839 -0.02341008769292717 0.10904374760614721 -0.9083823506445452 0.9931799002098267 0.1872113841264253 0.020755697518275988 -0.036937592458997 -1.0663865229159346 0.9598736036654968
75 750 0 0 0 -1.8565697442895412 -0.008436888375994269 0.13568879492013824 -0.9255864494532293 0.9297759266195338 0.10352174959436972 -0.01746364810591939 -0.08483577688501434 -1.0375368621393368 0.8962843162544251
76 760 0 0 0 -1.9159942589505066 -0.025341205746088717 0.182601738312967 -0.9269936067621931 0.9165962971949038 0.11553253599194696 0.01871253294754365 0.01431400211134523 -1.000925335965066 0.8993557178600602
77 770 0 0 0 -1.9185227024162539 0.030289390391233545 0.10722797663543922 -0.9548233093322327 0.961049412419639 0.12112550912759981 -0.015692994732919657 0.03898466928775129 -0.9537966098733535 0.922025553672635
78 780 0 0 0 -1.9433960092288718 0.02685737719634719 0.1538369539341007 -0.8907618495844578 0.9207877009229436 -0.008635806046163682 -0.007832711581338019 -0.03908186282451817 -0.9703061595145035 0.9484232251503777
79 790 0 0 0 -1.9350296964980165 0.014382139693333585 0.12573841120355134 -0.9193409150425821 0.9193322222745315 0.030140233692050086 0.0231048335430125 -0.0636783735594671 -0.979726685396094 0.9668627634992996
80 800 0 0 0 -1.9493608488078746 -0.03596378499571329 0.10108130155303262 -0.9240250615930063 0.9258254134593447 0.007834721291699848 0.06861746525669038 -0.054158108705951585 -0.9742182581914817 0.9528620450931351
81 810 0 0 0 -1.8988896405237123 0.04048062414312033 0.13237470964610712 -0.966397504153139 0.9526743880596762 -0.01558996757188148 0.030463821153920836 -0.07533650277373241 -0.945406914983305 1.0008280808275254
82 820 0 0 0 -1.9552673811256813 0.07020963997048092 0.11614278859304933 -0.9908755394128173 0.9595975486752364 0.01516890292466467 0.04527016842960979 -0.0871568318930667 -0.9715987405028145 1.0182114403124847
83 830 0 0 0 -2.013688096820976 0.08531863247232618 0.1403275697728683 -0.936274254268705 0.9721245413428071 0.00453356076157807 0.020925018878951603 -0.020014553666144044 -0.9587936334587193 0.9893079561303604
84 840 0 0 0 -2.0606960794223315 0.08551481669917356 0.0995943681023467 -0.9804718067761111 1.0104648405198353 0.06529225402739228 -0.007707047428657921 -0.011999815488151684 -0.9675837706210428 0.9775090704826201
85 850 0 0 0 -2.062910903083248 0.06089637428795628 0.0789903822164608 -0.9679573033744933 0.9947125618392334 0.055889552593380534 -0.03614009596428486 -0.022327584916376503 -0.9863813575991922 0.9891020563724688
86 860 0 0 0 -2.0170758418002928 -0.014203796107686628 0.08070154563271623 -0.9859788913265366 0.9642886155160333 0.0244206614643086 -0.04066034833985645 -0.01835138846389249 -0.9905200792336366 0.9963311839129276
87 870 0 0 0 -1.9886186416747118 0.003901457766374993 0.07013821601078227 -1.0234619397956797 0.9558853168702761 0.022796877634668325 -0.035770845155562565 -0.013942908262427452 -0.9685875040132992 0.9845603970691584
88 880 0 0 0 -1.9683555141291698 -0.00244163858023591 0.02119979410227154 -1.020957625462662 0.9722519496846126 0.02318523823202406 -0.03316209675031867 -0.02950417281339519 -0.9822541623226335 0.9981404826015358
89 890 0 0 0 -1.9740429353501798 0.025752966988717627 0.01160988465774011 -0.9785111548097807 0.9357981546322404 -0.007856160239534348 -0.02036748311246913 -0.07783502687196084 -1.0236032476236856 1.0239593996781795
90 900 0 0 0 -2.0277063104592576 0.01870064290211447 0.001937268476919162 -1.0256280723230988 0.9591602942926707 -0.00682485905128371 -0.019465375641352214 -0.0026387418584783422 -0.9994916903928908 1.0286876087564147
91 910 0 0 0 -2.0371547452679364 -0.01695901278722792 -0.005566259632394498 -0.9705420371996958 0.9483443769047153 0.01148487175660866 -0.014684024520736904 0.041554407716387645 -0.980330390972374 1.0393626226004877
92 920 0 0 0 -2.0129787134641695 -0.008613370672032869 0.006508086981717201 -0.9764416716958572 0.9674549947754212 0.0201439084458296 -0.01102219998812503 0.030584182941789162 -0.9577677355236623 1.0348939422208108
93 930 0 0 0 -2.04050157726555 -0.0042920143128830236 -0.01555938381575513 -0.9941284674542967 0.9876886231079376 0.01826753044932988 -0.036109158885373895 0.028135447882611776 -0.997866264641182 1.041680337787714
94 940 0 0 0 -2.0331016952531833 -0.007011880578604719 0.01947314915088704 -0.9845402731411532 1.0002997490104473 0.007822142960328989 -0.014332878024414627 0.03626149246430435 -0.9678424943686164 1.0530649177883316
95 950 0 0 0 -1.9942620751046078 -0.004695580007232943 0.013944468718283531 -1.0070714940177106 1.012359690785812 -0.011650127516954906 -0.012752804707749608 0.01182994960108121 -0.9668650227788413 1.0412708207136796
96 960 0 0 0 -1.9999743853866518 -0.024991529484719433 -0.0049199077817775085 -0.9986286987819755 1.0090151001575567 0.004464357694029606 0.003205256416850025 -0.00120263577574498 -0.9789228623478212 1.0373433262260865
97 970 0 0 0 -1.99314839238408 -0.02045291704268356 -0.01099597814250102 -0.9934398692416029 0.9965340793903339 0.008248081928931953 0.013225188498314366 -0.021524412739669894 -0.9843898624759694 1.0326104338924331
98 980 0 0 0 -1.9930255189244708 -0.007866977141553287 -0.0256936878880961 -1.007794695256044 1.0133402550047492 0.006536168933973317 0.003221312565016575 -0.011989010978039451 -0.9906818722294273 1.0165954514766309
99 990 0 0 0 -1.9976375021985122 -0.012682731750991275 -0.018253071502333386 -0.9872043895622571 0.9946624729357381 -0.014305942963717688 0.0021442498377975162 -0.015244377894739924 -0.9885325241507301 1.0143184137326835
100 1000 0 0 0 -2.0016929737093716 -0.003197463738687451 -0.01479543659596203 -0.996993400022827 0.990885360444649 -0.02290513989211466 -0.026236656780366435 -0.015844754807478975 -0.9873027927062548 1.0112451516231562
101 1010 0 0 0 -2.011962190102455 0.009290314466392932 -0.0010780340287398407 -0.9898060197416232 0.9989245797873005 -0.011215638694172126 -0.00763578962480178 -0.009792618241578075 -0.9941691480602829 0.9980674687772697
102 1020 0 0 0 -2.011545320385097 -0.002771295113187705 -0.012282841391171197 -0.9948649083205667 1.0055304824709455 -0.002143548240925438 0.008322255533941602 -0.020168607437639843 -0.9989160248561848 1.0120377064662753
103 1030 0 0 0 -2.005233428919465 -0.009627094930674878 -0.015690764879580724 -1.0021006096835445 1.0102444770991004 -0.005690954403891317 0.004656638649961495 -0.02325710356036059 -1.0057764824959634 1.0115374206677195
104 1040 0 0 0 -2.0042199482909817 0.010198398406441567 -0.013777120710227526 -1.0075197604719215 1.014131903882212 0.0059740383001609535 -0.0051523457005986945 -0.01674086023253971 -1.0025310366281548 1.0003846022863012
105 1050 0 0 0 -2.0061747128214193 0.012977030194926237 -0.007474174319261504 -0.9959288893778957 1.0093572790073801 0.00082570446205064 -0.014456413606441964 -0.01758099217145865 -1.0056069512621124 0.9909555557647843
106 1060 0 0 0 -2.006415970680925 0.008320610881945958 -0.001692077152909561 -0.9914542389585328 1.0117364776578934 -0.0019635111974830206 -0.009010704129879643 -0.011559420150235328 -1.0047476086531062 0.9903757425170108
107 1070 0 0 0 -2.004407801018465 0.003248450718308929 -0.0004059799139561034 -0.9922006115355313 1.011694589968619 0.0002724565531415971 -0.009037183226202703 -0.011087488672239056 -1.000737450326418 0.9865584687552056
108 1080 0 0 0 -2.01145458099689 -0.0017397382560728099 0.005817157838830026 -0.9901427953686561 1.0079428746098271 -0.0004464432415500603 -0.002385205977211662 -0.004119872149692829 -1.0014479962360086 0.9890207737593459
109 1090 0 0 0 -2.0134132235379867 -0.007963765122027493 0.010226199901863929 -0.9893695014518975 1.0107176537266374 0.005553686062090322 0.0004504186385797231 -0.0021982636189772824 -1.000530645852009 0.9898847973084413
110 1100 0 0 0 -2.0053467536423164 -0.011258710711427877 0.00728605146663623 -0.9872506138218744 1.0038740989578507 -0.0023714531914187584 0.00153984648616311 -0.0029085329554014916 -1.0013797259458832 0.9970572310607742
111 1110 0 0 0 -2.0018029229487664 -0.013440640678214575 0.005842015268639945 -0.9915072767172066 1.0043624487399017 0.0024641161399935434 0.0005098500376867949 -0.0012336482852333209 -1.008190949516562 0.9969135780614741
112 1120 0 0 0 -2.001497846535738 -0.008843262149988849 0.002998546702439951 -0.9928576549281942 1.00620170692053 0.0005159299779767608 -0.008321688976205903 0.0013072787120866503 -0.9994252758668953 0.9940720015598228
113 1130 0 0 0 -2.001740530313434 -0.010695186356801986 0.006447477711127506 -0.999224160806587 1.0015003844005306 -0.0015467343737231268 -0.012428030901388224 -0.00010076768234772377 -0.999191400365217 0.9947221649082931
114 1140 0 0 0 -1.995920219926146 -0.0115302821507162 0.0049645516638270985 -0.9987298704349311 1.0043668468580205 -0.00034993216103045986 -0.011464999496658012 -0.00219135889994155 -1.0071491684348972 0.9908480256247612
115 1150 0 0 0 -1.9977962337992192 -0.014809421343962837 0.00450500224073363 -0.9991672013012467 1.0032224205612352 0.000455194173963555 -0.00956407916871816 0.003680158715265981 -1.0005732323626506 0.9903763747704615
116 1160 0 0 0 -1.996288986885327 -0.012989719307444384 0.0051341693726664785 -0.9977872938183534 1.0055655636327232 0.0008808593855879218 -0.004965531679280465 0.0011656433663741529 -0.9993609006104974 0.9922337216265797
117 1170 0 0 0 -1.994151419578306 -0.008289047242704847 0.00499226634031223 -0.9984298554768034 1.0069644428354152 -1.220911949703792e-05 -0.0032531738147325968 0.0010023844911816427 -0.9983716532692557 0.9949242423597764
118 1180 0 0 0 -1.9963501734091316 -0.00674020177835786 0.008236461774119868 -0.9962132823573997 1.0042761855733713 -0.0016047066362097346 -0.002593922689835621 -0.0020548696002350595 -0.9953719146552509 0.9961772501551367
119 1190 0 0 0 -1.997571827403184 -0.001865303573469818 0.005466239783253297 -0.9991633476195676 1.0040488535530048 -0.000184297344239823 0.00039447927178446764 -0.005352513958482419 -0.9910939302372181 0.998748946011508
120 1200 0 0 0 -1.9964004215930387 0.00024883396411582814 0.0029699077744781716 -0.9960925748546572 1.0033189472581885 -0.001783708189121668 0.0015623071736428676 -0.004267490787821886 -0.9950224874363054 0.9965069545615146
121 1210 0 0 0 -1.997418274673647 0.0018044411505281923 0.003831055360076402 -0.994094246548514 1.0016392240350132 0.0013182721581072648 0.0002238305258530892 -0.002629978856849886 -0.9936000949871646 0.9955609252551281
122 1220 0 0 0 -1.9946043915211913 -0.0018246916666495956 0.0023874005618391256 -0.9963179108715685 0.9998176359040225 -0.0006268525344498568 -0.0007020908500632752 -0.002622839276889642 -0.9933551628369641 0.9947791571342979
123 1230 0 0 0 -1.9959711373054358 -0.002748882438431595 0.0007320886826776052 -0.9947518454764033 0.9984226162963152 9.073171407875574e-05 -0.004027612351676667 0.001299740183540345 -0.9903020041379335 0.9937591744827118
124 1240 0 0 0 -1.9921050335215305 -0.004017799939992471 0.0012013942544829084 -0.9909002478295661 1.0001191811647219 0.000577799967462268 -0.0034697786134014474 -0.000276959768430472 -0.9917301709286287 0.9940662294690794
125 1250 0 0 0 -1.990960778437875 -0.0010091370549570623 0.0029824960874321755 -0.9909696289502574 0.9978810709103708 -0.0001707017186633068 -0.0022883709555607396 -0.0056048272484101975 -0.9939700611534944 0.9967152430492651
126 1260 0 0 0 -1.9915417443778822 0.0014204339733619932 0.00358136702430504 -0.9911281886663912 0.9971437058119417 -6.050820738051836e-05 -0.0014586582534890516 -0.002405681090293477 -0.991242028613427 0.9959141019523541
127 1270 0 0 0 -1.9894669168288681 -8.727696683300933e-05 0.001204576710412938 -0.990555493254357 0.9976901517948933 0.002425888048946293 -0.002603375611205667 -0.0003200272933894297 -0.9925895873530148 0.9965114354635884
128 1280 0 0 0 -1.9894289714219777 0.0006210800829768411 0.0014049371166362386 -0.9936641532198234 0.9994157631860581 0.0031166513338710105 -0.0010702014505124314 -2.950499407892724e-05 -0.9927097927153427 0.996171182994176
129 1290 0 0 0 -1.9879489132196624 0.001036267134328993 0.0002753537271190785 -0.9924216862492657 0.9983104372422509 0.0014676444042952012 0.0009938534412729813 -0.0017792062366290221 -0.9935534174476564 0.995409406694846
130 1300 0 0 0 -1.9885423597106084 0.0014697298644003763 -5.983358504227062e-05 -0.9937867177920419 0.9956171634271207 0.0019150537356508982 -0.001094397441101419 -0.0008588763595331872 -0.9952590041229211 0.998398372251238
131 1310 0 0 0 -1.9891559103253258 -0.001050221941500981 0.0005023693926600536 -0.993960308605069 0.9957675490055974 0.0010961632311398577 -0.001601463074949442 0.00045307589174770714 -0.9945178639076919 0.9965738730518591
132 1320 0 0 0 -1.989475041365454 -0.0008140709150196136 -0.0001026035437085406 -0.994589445248282 0.9958050399356758 0.0010052654321597676 -0.0008083777124193673 0.0009797238519078247 -0.9957599283637296 0.996294293260042
133 1330 0 0 0 -1.990345434134889 0.00046552986292742034 -0.0004681621042295093 -0.9937394819635197 0.994038823203492 0.0014449201706171015 0.000256206553197531 0.002050565992409871 -0.9957688850440659 0.995962086739197
134 1340 0 0 0 -1.9896268831901405 -0.0002411699408625885 -0.00045586526034668433 -0.9932793036032532 0.9939518328553076 -0.00013484966978946031 0.0010253390340880897 0.00028005664553442603 -0.9962105992481469 0.996073775163703
135 1350 0 0 0 -1.9907368248113848 -0.00011359646345938956 -0.0017055661420289098 -0.9937827442833034 0.9938901870425494 -0.0021345310201237263 0.0007587145208573009 -0.0004426379273602788 -0.995057328523679 0.9951286203782026
136 1360 0 0 0 -1.991381574869183 0.00027102164771197214 -0.0014556235889730982 -0.9943057275917568 0.9935307759443603 -0.002451441731335861 0.0024966853630971667 -0.00019463143733090553 -0.9958298828988624 0.995066712175666
137 1370 0 0 0 -1.9912489717581248 -0.000723231508174768 -0.0005529578109993291 -0.9958760280989137 0.9942608933553574 -0.0025445974872163077 0.0010136006045805383 -0.0006605833756656361 -0.995716417245285 0.9946669088150129
138 1380 0 0 0 -1.9902454070866868 -0.001199740164029567 -0.0009412933700195342 -0.9955864522319884 0.9940814974639787 -0.0014058708512229773 -0.0019222908091038346 -0.0006025136773373226 -0.995670754818636 0.9948190997812676
139 1390 0 0 0 -1.9902897695651656 -0.0020690475314434826 -0.0008913140220604773 -0.9958409232273893 0.9946594039230559 -0.0011456657922137 -0.000447903301275144 -0.0014821066382559194 -0.9960418673556041 0.9961167044028623
140 1400 0 0 0 -1.9909409198885553 -0.001238153461172292 -0.00042258194594167406 -0.9959321488841116 0.9945599903205455 -0.0022583110279977884 0.000790067660289881 -0.0007968308478058822 -0.9951748490528217 0.9952489615048495
141 1410 0 0 0 -1.9908938757659735 -0.0004821809952428732 -0.0005214910557181235 -0.9947401485804721 0.994193628086987 -0.001468841951664814 0.0005764721352615302 0.0003859667572132399 -0.9947073983224615 0.9950099739829814
142 1420 0 0 0 -1.9903390966325802 -0.0003489045302279683 -0.00017605158999088656 -0.9945316263364266 0.9950816770379023 -0.0009945808673070325 0.0005359731799518937 -9.800667312598373e-05 -0.9954881404694649 0.994897210131194
143 1430 0 0 0 -1.9897904244985765 -0.0003391336635365972 -0.0005939974538394659 -0.9945852654463284 0.9946900698346091 -0.0009867728124328214 0.00024204909866172122 -0.0003081026473852621 -0.995293007478274 0.9955574944518051
144 1440 0 0 0 -1.9890417615088234 -0.0008692476092665858 -0.0004428501684153473 -0.9949321713597188 0.9947800844008026 -0.0011587569449195067 -0.0002759058665161206 -0.00010493815686162485 -0.9952789416063998 0.9950931887904846
145 1450 0 0 0 -1.989464200661906 -3.620509586643725e-05 -0.00031284203518795576 -0.9945852479988209 0.9946554042585469 -0.0007783589470364043 0.00041646936082515923 0.00027858328492232174 -0.9949498869475749 0.9950804320086871
146 1460 0 0 0 -1.989758839326128 7.309770979400864e-05 -0.0005209782704513187 -0.9946691146120399 0.9951870747854861 -0.00029517127861441154 -0.00018439475804626784 0.00016293655620473778 -0.9954490887399079 0.9947511254564632
147 1470 0 0 0 -1.9895016698908212 0.00014030701311205546 -0.000943655403867136 -0.9946611731388897 0.9953282795064677 0.0001187834817918323 -9.124749273316151e-05 0.0002233884059946943 -0.9951403456017505 0.995072544293316
148 1480 0 0 0 -1.989717118720025 0.00033375029404479243 -0.0010306206879869835 -0.9945846205659319 0.9951123328581624 -5.777792434324603e-05 0.00014726775060685428 0.00030119114657836796 -0.994957939270213 0.9950317417357243
149 1490 0 0 0 -1.9896638318083302 0.0004494440999427341 -0.0007199511121691139 -0.9945625552190529 0.995115794095452 -0.00017505612831214212 3.064375549200724e-05 9.290476652642354e-05 -0.9949948203830279 0.9951676681245466
150 1500 0 0 0 -1.989634225135117 0.00022702352198576833 -0.00037069629590517526 -0.9948266182535096 0.9952672311082886 4.085460817980148e-05 9.10490332136981e-05 8.419347721462322e-05 -0.9950030977969626 0.9952600721290756
151 1510 0 0 0 -1.9900552559013076 0.0003459940052904149 -0.0001176275276739762 -0.9947394547445432 0.9950759122053077 -0.0002151674343310893 5.4745800193403867e-05 -1.5473086482092733e-05 -0.9950403735272562 0.995217464777739
152 1520 0 0 0 -1.9897934731543274 4.0065546890041544e-05 -0.00028663296497489653 -0.9947315589772288 0.9948517741103075 -0.00016098874758743113 -0.00019530116710106486 -0.00020041705540593528 -0.9949759903463097 0.9949619169674564
153 1530 0 0 0 -1.9896312165888472 5.827513132063909e-05 0.00010433176773925573 -0.9947892311621969 0.994871148260937 -0.0003274553614936143 -9.763916833551257e-05 -8.025278581840276e-05 -0.9948057167074238 0.9950007755353614
154 1540 0 0 0 -1.989546813234417 5.01393198157949e-05 0.00012566888046243576 -0.994621562843691 0.9949515849776034 -0.00012187464364702532 -0.00010602886465462489 -0.0004583458300181839 -0.9949346875126188 0.9948233877826356
155 1550 0 0 0 -1.9896378716573373 0.0001803905642439124 0.000165337296973153 -0.9946256041174748 0.994736502959498 5.837912390053399e-05 -0.00018976328044300995 -0.0004353327420084397 -0.9950079699485543 0.9948427081577766
156 1560 0 0 0 -1.9896753307999608 0.0001755093953266528 -3.808332685263722e-05 -0.9947649852393381 0.9948138270233704 -5.342341570835589e-05 -1.1813894235996755e-06 -0.0002202355937641085 -0.9949089449748866 0.9946560764249361
157 1570 0 0 0 -1.989650239312664 2.240487256019847e-05 -0.00019207233383457001 -0.9947665265968209 0.9950176180848281 -6.609798306390757e-06 1.201730572476895e-05 1.6079964196683466e-06 -0.99507173108484 0.9950417947843289
158 1580 0 0 0 -1.9897723183992393 0.00015017794368591824 -0.00017502844684966483 -0.9947867410888915 0.9950655849458199 -5.166385731969652e-05 0.0003001771036962639 0.0001539293692093966 -0.995047009153742 0.9950408395240498
159 1590 0 0 0 -1.989817815112306 0.0001250962896637591 -0.00010955126247787976 -0.994738907786249 0.9948950143879568 -0.00011982816398919364 0.0001960983827908187 0.00015662235361500032 -0.9950390830170146 0.9947424184569118
160 1600 0 0 0 -1.9897217498786097 9.93219144524231e-05 -2.6561172356044887e-06 -0.9948817813395976 0.9949966360164824 3.3766293489876236e-05 9.137912505913057e-05 6.311311049715379e-05 -0.9949933617001389 0.9947800216060817
161 1610 0 0 0 -1.9897465800588612 0.00018268089602061172 -7.217158785103963e-05 -0.9949846807050235 0.9950187331042539 0.00019745521449709326 0.00014435552873997477 3.5846758293411605e-05 -0.9950362347865214 0.9946648302864562
162 1620 0 0 0 -1.9897874101267004 0.00010259824899228279 -1.415638310715277e-05 -0.9949931364361362 0.9949348990094973 0.00014388314039727993 0.00020979888919086222 8.060047597786196e-05 -0.9950032096556967 0.9948207194476115
163 1630 0 0 0 -1.9898650449377446 -4.844338585666316e-06 -5.761857002550553e-05 -0.9949985175824593 0.9949062897618051 -9.426900465204889e-05 7.385629024538153e-05 9.136342002697251e-05 -0.9949753950125357 0.9948217275371206
164 1640 0 0 0 -1.9898653564584674 3.401613990893707e-05 -1.755991764965863e-05 -0.9950310283956257 0.9950061122860123 -0.0001859579172442205 8.929579471829741e-05 -6.35069273989958e-05 -0.9949280927335786 0.9948876631797865
165 1650 0 0 0 -1.9900227587207024 9.38249179256633e-05 -2.0035706800101933e-07 -0.9949231637149084 0.9951521644383856 -3.3757773172485185e-05 0.00011147285582791366 -5.707054093240597e-05 -0.9948284889620576 0.994920441728096
166 1660 0 0 0 -1.989936106881037 0.00014590196920472351 7.375485312590855e-05 -0.994927881593753 0.995058142211807 3.382000461700741e-05 0.0001830925492796915 -0.00010892496881376772 -0.9949228354264974 0.9949556678410754
167 1670 0 0 0 -1.9899006384897553 9.976314550130754e-05 -2.9874738012331408e-05 -0.9949469559618518 0.9951664367332691 -2.1886075009713454e-05 2.2833864404955413e-06 -0.00017591712948705947 -0.9949088333029292 0.9949081967544549
168 1680 0 0 0 -1.9898260739679934 7.254642670062621e-05 -4.627335077127572e-05 -0.9950021550526347 0.9951217573084536 -7.514933503129567e-05 1.3522140039700726e-06 -6.286102265251998e-05 -0.9949075687427242 0.9949346190204199
169 1690 0 0 0 -1.9898377018088569 2.9522334651167562e-05 2.777859854007885e-06 -0.994962118299729 0.9950057237462189 -0.00014434907720747652 -3.5680497017411294e-05 -0.00010911378613218016 -0.9948899557938721 0.9949070784300937
170 1700 0 0 0 -1.9898340716180187 8.732435331104289e-05 -4.061449609308713e-05 -0.995019660547471 0.9949565621415853 -7.23011566887787e-05 6.564052104548293e-06 -9.044086252606963e-05 -0.9949333084336471 0.9948814123483911
171 1710 0 0 0 -1.9898578174877561 5.1388306072782695e-05 -2.25949276630462e-05 -0.9950053482813909 0.9949499304003002 5.594895306634374e-05 -2.1594007559884746e-05 -0.0001670611225256093 -0.9948687883932116 0.9949503788272074
172 1720 0 0 0 -1.9898082382187157 1.8096401460587402e-06 -5.4193002412102576e-05 -0.9950350365669581 0.9949082927306616 -7.117692142421954e-06 -9.637314925070313e-05 -7.047362059774698e-05 -0.9948472509654822 0.9949281527651044
173 1730 0 0 0 -1.9898104095866456 5.923695213820571e-06 -6.065441435483362e-05 -0.9949263648123795 0.9949107870184635 1.9055104791647253e-06 4.029230101674231e-06 -2.9221938291264398e-05 -0.9949071426767024 0.9949457111879499
174 1740 0 0 0 -1.989792611436667 1.3083882637825138e-05 -4.698772868601966e-05 -0.9949344383216214 0.9949033113950219 -3.211013819252309e-05 -2.9175197886134285e-05 -5.3418591847884316e-05 -0.99489412544866 0.9949013754035727
175 1750 0 0 0 -1.9897902579429783 -7.302292546881201e-06 -3.706292757028689e-05 -0.9949297703015205 0.9949676194516774 -8.550781956397424e-05 1.510516657587074e-05 -3.4310375305155106e-05 -0.9949198418418548 0.9949097497347561
176 1760 0 0 0 -1.9898000388555983 -9.66936829585793e-06 -7.255731566616328e-05 -0.9949378976604298 0.9949991086897817 -3.8427749792114996e-05 -1.547168661242661e-05 -2.896794424514543e-05 -0.9949364705325223 0.994984971744073
177 1770 0 0 0 -1.9897799677878574 6.839862138456839e-06 -5.761626410105381e-05 -0.995010814343231 0.9949815678116423 -1.8811220905683625e-05 1.1961791144904572e-05 7.894985145144873e-06 -0.9949734760462302 0.9949815568988338
178 1780 0 0 0 -1.9897862502754253 3.1137407941106415e-06 -6.216611048007824e-05 -0.9950274535752024 0.9949374182479438 -2.3533542144298533e-05 -6.757688422258472e-06 7.077849542433358e-05 -0.9949777343974775 0.995037257532184
179 1790 0 0 0 -1.9898068807749825 2.766772007773231e-05 -4.163203697608699e-05 -0.995040566742927 0.9948788962938391 -4.098546205417438e-05 7.1276839313344635e-06 3.935065933983963e-05 -0.9949387507449649 0.9950400514024482
180 1800 0 0 0 -1.9898213199297932 3.7957065953197133e-06 -1.6819807488222178e-05 -0.9949972247713319 0.9948677244676214 3.970904006305311e-05 2.7874500121341816e-05 3.179877357787626e-05 -0.9949828967094306 0.9950254412832646
181 1810 0 0 0 -1.9898753170767742 -2.4455059326770265e-05 -1.2966017632549996e-05 -0.995010721291834 0.9948894895177248 1.1286733715501706e-05 1.356741741771006e-05 4.639919611696127e-05 -0.9949783209815504 0.9949524025300878
182 1820 0 0 0 -1.9899025181105243 -2.2264632711515612e-05 -3.3955379352561567e-05 -0.9949571617217079 0.9949591962328929 -4.294797683328755e-05 2.4519839295978884e-05 0.0001008800137157671 -0.9949680803138606 0.9949615178625892
183 1830 0 0 0 -1.9898990953678455 -3.706948554525189e-05 -5.2743197781410905e-05 -0.9948792027976668 0.9949445150640677 -4.1040783737443406e-05 1.55169216072381e-05 6.013246123217094e-05 -0.9949525567844801 0.994977629139562
184 1840 0 0 0 -1.98989976829245 -6.503706761453322e-06 -4.9004993532540215e-05 -0.9949094177000612 0.9949579883121388 -1.914044635281828e-05 -2.835502437769917e-05 4.231993903057775e-05 -0.9948924019511238 0.994951428830902
185 1850 0 0 0 -1.989922660488486 -3.674721698212649e-06 -3.8965511005229644e-05 -0.9949413736166346 0.9949285389539856 2.7203115000869996e-05 2.5991345355647172e-05 1.0615611925316814e-05 -0.9948926055040792 0.9949545042954434
186 1860 0 0 0 -1.9899366006561576 -2.391140139646827e-05 -4.2352574530877196e-05 -0.9949455610262619 0.9949323997061579 1.819475540928501e-05 3.7795693662870585e-05 2.0462904827487517e-05 -0.9949367578395857 0.9949397865791034
187 1870 0 0 0 -1.9899217428437181 -3.835290721631689e-05 -8.988998335445846e-06 -0.9949314030497158 0.9949178578965099 -1.635643722437959e-05 3.757369704526149e-05 1.3008541424309183e-05 -0.9949616215124876 0.9949521136753354
188 1880 0 0 0 -1.9899364716487962 -5.352934386684702e-05 -1.630935864342971e-05 -0.994942975957086 0.9949186233251288 2.73649112505319e-06 3.3495989104212336e-05 -5.6373472896286265e-06 -0.9949648214401253 0.9949538992928453
189 1890 0 0 0 -1.9899522654742692 -4.2345126816608445e-05 -2.4350057225151032e-05 -0.9949594304319693 0.99492721018527 -1.6218165104551466e-06 5.0079953621208945e-06 4.940794451807322e-07 -0.9949442940242494 0.994933232586996
190 1900 0 0 0 -1.989929066503304 -2.2395085389500922e-05 -4.080081694776912e-05 -0.9949600124850457 0.994943240792382 1.840151718242809e-05 2.8129679257296956e-05 1.0540490234551217e-05 -0.9949165133885568 0.994950229671679
191 1910 0 0 0 -1.9899300132925744 -4.135348209172072e-06 -4.1902148715696794e-05 -0.99496888614278 0.9949450476262673 8.567557699606295e-06 6.140099415383694e-06 1.6510688877771863e-05 -0.9949214032628507 0.9949297555906415
192 1920 0 0 0 -1.989932734416969 3.664317900216305e-06 -3.80632302356812e-05 -0.9949604749446417 0.9949692552404188 1.9987170958923928e-05 2.3136916641742087e-05 -1.0912499264455956e-05 -0.9949247340398694 0.9949346622411371
193 1930 0 0 0 -1.9899265865863751 -1.6134855188924252e-05 -2.681489377886788e-05 -0.9949506744230441 0.9949546893958758 -9.810111331512388e-06 8.719068301949863e-06 -1.0229520138808086e-05 -0.9949147279766046 0.9949352062147807
194 1940 0 0 0 -1.989926305024548 -2.4081196039275368e-05 -2.967567115068157e-05 -0.9949580869658379 0.9949498267913541 5.7260064151565825e-06 2.8061256589448366e-05 5.121484821088843e-06 -0.994931656412422 0.9949441944162561
195 1950 0 0 0 -1.9899185929590328 -2.3166088084164116e-05 -2.3276411562441925e-05 -0.9949579572650322 0.9949526785436291 7.277550434000457e-08 1.3598805210678136e-05 5.157330787468369e-06 -0.9949296266328971 0.9949557779797291
196 1960 0 0 0 -1.9899148339595798 -1.602639338225599e-05 -1.6029993612406537e-05 -0.9949704240343118 0.9949514778221604 1.1380075237211914e-05 7.387223660338658e-06 -4.113423133803849e-06 -0.9949295826575242 0.9949567232294467
197 1970 0 0 0 -1.9899057861215819 -1.4234794490364593e-05 -2.342545521716855e-05 -0.9949690475499502 0.9949586892662816 1.4542865771044397e-05 1.4306213342417032e-05 1.4076561080232423e-06 -0.9949383169895383 0.9949645981431261
198 1980 0 0 0 -1.9899019494878372 -7.333767644528725e-06 -9.31498950702395e-06 -0.9949588582599102 0.9949587806335691 -4.1054428733594127e-07 2.163860013410658e-05 -1.3527065200910264e-05 -0.9949375761854812 0.9949605408438196
199 1990 0 0 0 -1.9899035902360056 -9.700996404317615e-06 -1.1971779887431708e-05 -0.9949581248209567 0.99495839564343 -6.543582052951367e-06 7.174662955420214e-06 -3.912139384262122e-06 -0.9949380809741891 0.9949605291104385
200 2000 0 0 0 -1.9899124105444486 -8.57717192073623e-06 -1.9588229064450265e-06 -0.99496007410815 0.9949534796659306 -2.201187532203249e-06 1.3371728253645443e-05 6.086267034025272e-06 -0.9949419561596476 0.9949570111768983
201 2010 0 0 0 -1.9899007989005635 -7.977646063449607e-06 -5.9933962745379675e-06 -0.9949691512942636 0.9949568248615566 2.913520990289791e-06 9.336290800785892e-06 1.022139012358993e-05 -0.9949437648464274 0.9949633315386708
202 2020 0 0 0 -1.98990610174848 2.0850235819717325e-06 -3.990103554362703e-06 -0.9949732496360127 0.9949523627040042 1.4217291812223283e-06 1.1126200474634689e-05 5.331268801475802e-06 -0.9949404296558592 0.9949559750836895
203 2030 0 0 0 -1.9899028031868329 -4.753474275270549e-06 -6.484260573828167e-06 -0.9949756030917238 0.994952067249953 2.4554843300861925e-06 1.0041418534455617e-05 8.416059781505307e-07 -0.9949491002230143 0.9949550879554241
204 2040 0 0 0 -1.9898987422519294 -2.2028009853387988e-06 -2.251936313252659e-06 -0.9949706669165099 0.9949509085798334 6.457682576049487e-06 -2.8312073545769598e-06 4.088039858925556e-08 -0.994950906483445 0.9949623671524245
205 2050 0 0 0 -1.98990002978539 -4.38777166408566e-06 -2.8503638998932287e-06 -0.9949601101060416 0.9949530107335889 -2.1293119606780806e-06 -6.200329367545516e-07 -6.511254963874072e-07 -0.9949506991761898 0.9949708174081273
206 2060 0 0 0 -1.9899070425397563 -8.243145001980484e-06 1.8268693900046542e-06 -0.9949621971872491 0.9949574393770972 2.1075251379823627e-06 2.6526318325735693e-06 3.485341557333832e-06 -0.9949435530326867 0.9949693466874019
207 2070 0 0 0 -1.9899103561360287 -7.930869228146523e-06 -1.9334376121953576e-06 -0.9949662935871131 0.9949608287913044 7.660801378833855e-06 -3.0392823410509474e-06 5.74919856759476e-06 -0.9949422036543174 0.9949584979371724
208 2080 0 0 0 -1.9899050515493097 -1.1261262511367894e-05 -7.847030550650276e-07 -0.9949654048615162 0.9949635518879867 5.925104636276833e-06 6.897498443234475e-07 -9.788420489135508e-07 -0.9949514428954762 0.9949604752575082
209 2090 0 0 0 -1.9899118264161038 -5.676229263195865e-06 -3.7005778699179045e-06 -0.9949647891659035 0.994963056013052 9.041999219900495e-07 3.531707284752771e-06 -7.742460379087859e-06 -0.994951796676446 0.9949572424553748
210 2100 0 0 0 -1.9899127546377524 -3.158884951167485e-06 -2.411832500477562e-06 -0.9949650935932721 0.9949599865190631 5.4371825306288976e-06 2.6993842959014957e-07 -4.858631486756431e-06 -0.9949540479987713 0.9949581682059362
211 2110 0 0 0 -1.989911566720591 -3.7110821884682395e-06 -2.2519242714567473e-06 -0.9949642621873824 0.994959283758057 4.492496242434549e-06 1.1707464131668521e-08 -2.087109234773901e-06 -0.9949537867000777 0.9949591122591336
212 2120 0 0 0 -1.9899079715387447 -5.8203129003776105e-06 -6.194648370992079e-06 -0.994963887004231 0.9949572184482427 3.8344843547738596e-06 3.1295811016580764e-06 -6.843816154310846e-06 -0.9949569178878559 0.994963988491525
213 2130 0 0 0 -1.9899086323766815 -3.915675323916741e-06 -4.408449334900121e-06 -0.9949636144936189 0.9949532721555556 9.190791624194738e-07 -8.942256382054992e-07 -9.160567155102844e-06 -0.9949572187101575 0.9949602234272054
214 2140 0 0 0 -1.9899051354948165 -5.301340779723941e-06 -1.6866384136229872e-06 -0.9949665846371518 0.9949565713253221 4.7472367869578463e-07 -5.154671805006796e-06 -4.580235047332462e-06 -0.9949597098392173 0.9949641901795748
215 2150 0 0 0 -1.989909611545101 -6.51152034504374e-07 -1.9111259235221012e-07 -0.9949633933491542 0.9949578471707483 5.308646226495327e-06 -4.041301182334252e-06 -2.7639318052973496e-06 -0.9949562820783922 0.9949663899711656
216 2160 0 0 0 -1.9899104872221882 1.290142629350571e-06 4.2683532296335206e-07 -0.9949629476657481 0.994957701818261 3.825980348102632e-06 2.636019563599988e-06 -4.661178871304982e-06 -0.9949557563425344 0.9949645775111854
217 2170 0 0 0 -1.9899106854764732 6.921829981249815e-08 2.6769646419781574e-06 -0.9949634524687465 0.9949565575045514 5.809029560928328e-06 1.5563202863055893e-06 -7.298801100762274e-07 -0.9949579577690775 0.9949641518508366
218 2180 0 0 0 -1.9899102613430144 2.252639501005361e-06 1.456380829455987e-06 -0.9949613177153129 0.9949552874548062 6.475799781051019e-06 -2.3277028188193397e-06 6.419093854734999e-07 -0.9949582068456155 0.994965427670053
219 2190 0 0 0 -1.989913051232889 -1.4038751923712887e-06 -3.0752032607579185e-06 -0.994959890151187 0.9949584920467169 5.149324332321948e-06 1.5607281119904536e-07 1.693367320458087e-06 -0.9949583914593381 0.9949652965404615
220 2200 0 0 0 -1.989911455964048 -2.675363166031416e-07 -2.000416472524986e-06 -0.994957869247803 0.9949571838169102 4.543813979649988e-06 -4.326582472057959e-07 3.5771919766050274e-07 -0.9949581970118986 0.9949631583384875
221 2210 0 0 0 -1.9899100695611467 4.43627870239698e-07 -3.2406564639339088e-06 -0.9949598902870607 0.9949606993352498 3.3527957464304646e-06 1.0603676721915532e-06 1.299812501844119e-06 -0.994956575802803 0.9949624632002434
222 2220 0 0 0 -1.9899125564597637 2.5054199841614477e-06 -7.744638303805698e-07 -0.9949589689121059 0.9949586360272176 4.916075664134668e-06 3.9355028339171223e-07 2.5417627293598045e-07 -0.9949555337200313 0.9949609077138425
223 2230 0 0 0 -1.9899113689756436 9.713953096794277e-07 -7.582512551101487e-07 -0.9949585993228302 0.9949559536501065 2.0221253084377106e-06 6.058459881752492e-07 1.2274315701630027e-06 -0.9949566476890677 0.9949612497948226
224 2240 0 0 0 -1.989912384331686 9.202982663801421e-07 -1.0567566316014579e-06 -0.9949580716382461 0.994957351085529 1.0528882141489606e-06 2.3887563600921104e-08 1.4756414507020856e-06 -0.9949588645473584 0.9949601219156439
225 2250 0 0 0 -1.9899113951002987 1.6880052456397615e-06 -1.460463214514359e-06 -0.9949582193272509 0.994957632465095 -2.7233653252541844e-07 6.190390152065529e-07 1.4155767379026782e-06 -0.9949584529222918 0.9949599447140167
226 2260 0 0 0 -1.9899115063003299 6.949467672186426e-07 -1.8881955355476896e-06 -0.9949576543021721 0.9949575022813129 -1.1080768307755201e-06 4.798638501110216e-07 1.412228935246195e-07 -0.9949595024101118 0.9949602969062215
227 2270 0 0 0 -1.989911440412158 4.680571548277951e-07 -1.1011423199753521e-06 -0.9949595516268973 0.9949568885469411 -9.458549948201692e-07 1.6291617841983203e-06 1.0547103928951896e-06 -0.9949597010889598 0.9949588340670511
228 2280 0 0 0 -1.9899104649810444 -1.4287849927469165e-08 -7.725098574484285e-07 -0.9949592740781935 0.9949560899329464 -1.3199447883570283e-06 -8.528238747369605e-07 1.3778993294183546e-06 -0.9949592328917023 0.9949587532405193
229 2290 0 0 0 -1.9899103867843042 9.167128417957013e-07 -1.6087490131039904e-06 -0.99495820105889 0.9949568278796879 -1.6034377841699117e-06 -5.799360062030026e-07 1.2705269920274297e-06 -0.9949590822864514 0.9949576890584824
230 2300 0 0 0 -1.9899116068618037 8.246007198294734e-07 -8.152119885898374e-07 -0.9949576460889606 0.9949574447248187 -4.349704002674674e-07 4.664232581229832e-07 8.207817437402781e-07 -0.9949585474178566 0.9949579968778521
231 2310 0 0 0 -1.989911611676395 4.1171014626924697e-07 -6.864953161992414e-07 -0.9949580321847286 0.9949578125111763 6.547914046272665e-07 1.9498412933102705e-07 -3.595064669470576e-07 -0.9949587561131288 0.9949575854676918
232 2320 0 0 0 -1.9899115781091687 -3.400765803156686e-07 -7.242973333163553e-07 -0.994958606790303 0.9949575956199025 1.889216402375677e-07 2.1129474169757044e-07 -1.8313422636668425e-07 -0.9949589090961866 0.9949560788855929
233 2330 0 0 0 -1.9899119110827164 -4.552752531376569e-07 -4.99313800296371e-09 -0.9949588579780988 0.9949583454972153 9.591576929055976e-07 -7.0853521696909e-08 -5.792159779754369e-07 -0.9949588966452965 0.994956302269736
234 2340 0 0 0 -1.9899111000638965 5.749554041723758e-08 2.123319608789099e-07 -0.9949589232254687 0.9949579295657778 8.650514139264338e-07 4.7492575272239875e-07 4.6164068113862057e-07 -0.9949592724019456 0.9949563467723828
235 2350 0 0 0 -1.9899114983101018 -1.4679102063611248e-07 -5.655120863375583e-07 -0.994958263226599 0.9949584754374609 7.353534794043561e-07 1.5826181147551066e-07 1.0024525753111042e-07 -0.994958571915713 0.9949571215594535
236 2360 0 0 0 -1.9899113576038556 -1.7446896782795704e-07 -3.1820798700542656e-07 -0.9949580435078078 0.9949588108556048 9.226726971073477e-08 -2.0198709494017821e-07 -1.8323738582818888e-08 -0.994959135327081 0.9949573806433993
237 2370 0 0 0 -1.9899117891741183 -1.7379361071031536e-07 7.146024685899857e-07 -0.9949584787409234 0.9949583527482062 -5.98474271569783e-08 -5.199945017729486e-07 -3.510134876761076e-07 -0.9949583248229007 0.9949576764503864
238 2380 0 0 0 -1.9899120054300536 -2.1804110497440515e-07 1.2325163655588237e-06 -0.9949584589074489 0.9949583472950678 8.83422103895451e-08 -7.771702232653857e-07 -3.848781796690324e-07 -0.9949585132258998 0.9949580366815405
239 2390 0 0 0 -1.98991232393337 3.2846280187780016e-08 8.50242593424184e-07 -0.9949580381548885 0.9949582185121755 3.10139242695581e-08 -8.914013631175405e-07 -2.505458154115868e-07 -0.9949592617262786 0.9949584174465157
240 2400 0 0 0 -1.9899130155180789 1.6890983693090155e-07 6.862439983949885e-07 -0.9949582559316233 0.994958634428551 4.973194916848795e-07 -2.565164014460462e-07 -8.858165555969311e-07 -0.9949590045702279 0.9949580021164004
241 2410 0 0 0 -1.989912630722431 6.891715017431361e-09 4.4037862551210497e-07 -0.9949584855924047 0.994958349138684 3.1395285519656253e-07 -2.4176390604842752e-08 -1.0734145057431157e-06 -0.994958841444751 0.9949582382226518
242 2420 0 0 0 -1.9899127242896983 3.698132542086988e-07 2.9625196689659465e-07 -0.9949581578790873 0.9949581816960822 6.107405052982877e-07 2.417172246625419e-07 -6.507451566090329e-07 -0.9949596170510906 0.9949590004741629
243 2430 0 0 0 -1.989912541826318 4.1585238481894213e-07 6.404782015044762e-07 -0.9949585912625349 0.994958443474365 3.033371746426197e-07 -2.1247287769001387e-07 -1.8021731099716138e-07 -0.9949590532427781 0.9949586554980392
244 2440 0 0 0 -1.9899126773713485 3.8309231417728034e-07 1.7860245588480494e-07 -0.9949585968579349 0.9949588062165329 3.980119781339754e-07 -2.154516306585676e-07 2.576504238616584e-07 -0.9949586738843603 0.9949586509984117
245 2450 0 0 0 -1.9899127049721952 -1.5801630389429785e-07 8.593744064480143e-08 -0.9949586226726256 0.9949586608812914 1.954014220200819e-07 -2.888365646334366e-07 4.925341305776631e-08 -0.9949586218591557 0.9949586061103088
246 2460 0 0 0 -1.9899126822736086 7.845675717052898e-08 1.7790023491898207e-07 -0.9949586116554585 0.9949589341447351 2.985848909780874e-07 -2.986402508910124e-07 6.873646470061302e-08 -0.9949590074949429 0.9949587688266814
247 2470 0 0 0 -1.9899124690480305 2.3645878907039976e-07 1.7704225927537207e-07 -0.9949585439458621 0.9949587102645367 3.3123233593504246e-07 -2.537688099718357e-07 1.4275609498382557e-07 -0.9949590903789625 0.994959109627608
248 2480 0 0 0 -1.9899125174540289 2.715009396667717e-07 4.49230846855283e-07 -0.9949588008649759 0.9949587195740495 4.6141873973306344e-07 -3.182718466236011e-08 9.76283557114761e-07 -0.9949588898680214 0.9949586854961951
249 2490 0 0 0 -1.9899125287259851 5.5675922512073236e-08 1.859655788135278e-07 -0.9949588442048549 0.99495874985646 4.525748056293765e-07 2.1694327522874369e-07 6.420475453902305e-07 -0.9949586532514756 0.9949583239041253
250 2500 0 0 0 -1.9899126647190175 -2.961840017092033e-07 -3.870038530301824e-08 -0.9949587784292924 0.994958879406076 1.4747558484539925e-07 1.0958020877870578e-07 6.007582051184535e-07 -0.9949584479793316 0.9949583296662936
251 2510 0 0 0 -1.9899125533645492 -4.360153306258166e-07 -3.812913825163199e-07 -0.9949585477598943 0.9949588765337378 2.6894305125605703e-07 -4.427551997275291e-08 3.265710278613088e-07 -0.9949585242414825 0.9949583338571153
252 2520 0 0 0 -1.9899126038634718 -4.315141520444833e-07 -5.209998674131357e-07 -0.9949586586079175 0.9949586663593466 1.5069470983050306e-07 8.730293929719776e-08 4.5137362848966676e-07 -0.9949584510378557 0.9949582561537027
253 2530 0 0 0 -1.9899124503120929 1.799287233534675e-08 -5.28239558885742e-07 -0.9949584538278862 0.9949583540570799 1.3779221723375345e-07 5.227020255830391e-09 2.65966857429983e-07 -0.9949585408329351 0.9949585735480264
254 2540 0 0 0 -1.989912309904601 1.877932534501937e-07 -4.131946988826442e-07 -0.9949585128066152 0.9949585651812356 1.811935422778853e-08 1.3964132375190223e-07 1.7156253451034758e-07 -0.9949583532032957 0.9949590214444557
255 2550 0 0 0 -1.98991207087075 3.1835590563478566e-08 -7.85743877106546e-08 -0.9949586056181227 0.9949584012392272 4.698519111155387e-08 2.5558080875350027e-07 3.6325699690940665e-07 -0.9949582866667237 0.9949590102689879
256 2560 0 0 0 -1.9899123653870312 2.8142836777679335e-09 8.408537271755679e-09 -0.9949584798890694 0.9949584982873911 6.318343018656604e-08 2.4768943966316993e-07 4.436318359136459e-07 -0.9949583370153908 0.9949586800575199
257 2570 0 0 0 -1.9899122621471736 -2.509474259452771e-07 -6.732714992922074e-08 -0.9949584883760374 0.9949584798921973 -1.31545724826453e-07 6.061017707046915e-08 2.59341986307489e-07 -0.9949584868378236 0.9949586598122737
258 2580 0 0 0 -1.9899123439706692 -1.5320046215114033e-07 -2.2802611879732007e-07 -0.9949586775280054 0.9949587800519455 5.335051348792833e-08 -9.372099403933994e-08 2.5039259486321693e-07 -0.9949585750089994 0.994958746889107
259 2590 0 0 0 -1.9899122273537897 6.547896564506709e-08 -2.033064258995062e-07 -0.9949587868578076 0.9949587880162888 1.5915337104155518e-08 -4.9527004992414386e-08 2.700210371580307e-07 -0.9949588780429244 0.9949588335390412
260 2600 0 0 0 -1.9899122759578645 1.0689248822268016e-07 -7.722334257860441e-08 -0.9949588214882907 0.9949587189082446 -7.226763523549134e-08 -7.430218278879523e-08 4.8918530282634716e-08 -0.9949584874364711 0.9949588668724503
261 2610 0 0 0 -1.9899122603432253 6.568958440494086e-08 -6.873111967974196e-08 -0.9949587531078641 0.9949587886177371 -2.2923826029909876e-07 5.05614847499215e-08 -8.086143244117555e-08 -0.9949583577975138 0.9949586943013328
262 2620 0 0 0 -1.9899122281976096 3.5036033936952076e-08 5.84895483673505e-08 -0.9949587208679107 0.9949587933527424 -2.469994886499139e-07 -1.3156834183980294e-07 -1.771253789402342e-07 -0.9949584156067723 0.9949588108767626
263 2630 0 0 0 -1.9899121149443018 -5.4713004158370924e-08 1.1995989495152035e-07 -0.9949587728978205 0.9949588054393641 -3.2258549633122456e-08 -2.3075523306063303e-07 -1.7626903423925832e-07 -0.994958449791085 0.9949587363111697
264 2640 0 0 0 -1.989912341418914 -7.015142147880514e-08 5.057481196479276e-08 -0.9949586272970463 0.9949587806226939 5.429153524051891e-08 -4.367842321165309e-07 -2.6263298181325363e-08 -0.9949584177652142 0.9949586961576156
265 2650 0 0 0 -1.9899122751087428 -1.1963869427038295e-07 -6.680473785376452e-08 -0.9949586158184591 0.9949588433101552 -3.908658552232138e-08 -3.366499623780459e-07 1.6841139158056252e-07 -0.9949585275106403 0.9949586958201722
266 2660 0 0 0 -1.9899123021158447 -1.2255230610916767e-07 4.9516437898200965e-08 -0.9949585659977059 0.9949588122812928 -8.399098133848234e-08 -2.851519674096473e-07 4.308757435291806e-08 -0.9949584883791864 0.9949586740731104
267 2670 0 0 0 -1.9899121635882233 -1.9404135263040217e-07 6.247160589958229e-08 -0.9949586546633102 0.9949587777854377 -6.142122465086087e-08 -9.780827806045548e-08 -1.6575380687378192e-08 -0.9949584546147856 0.9949586957850064
268 2680 0 0 0 -1.9899121218471134 -1.7342173350605582e-07 1.4855350643279e-07 -0.9949587050978788 0.9949587277861716 -5.7747576899556116e-08 -4.5043228734829294e-08 -1.1319188830745836e-07 -0.9949585011971184 0.9949587848642123
269 2690 0 0 0 -1.9899122511117262 -6.313505251176878e-08 7.388524070826862e-08 -0.9949587116031178 0.9949587910668194 -3.4633814686372586e-08 -2.5321883617591388e-08 -2.7668930846695026e-08 -0.994958580370916 0.9949586502544001
270 2700 0 0 0 -1.989912318188514 -2.6331963849227526e-08 6.171053405112396e-08 -0.9949586565114412 0.9949587689029207 2.2950464925140694e-08 -1.9424550628990496e-08 -2.392905328879824e-08 -0.9949585605036674 0.9949586461523048
271 2710 0 0 0 -1.9899123040278917 -6.479723173956833e-08 8.213380199409132e-08 -0.9949586230123488 0.9949587297251704 -3.211595605765273e-08 7.630933060409694e-10 6.288611940866169e-08 -0.994958585108637 0.994958643083955
272 2720 0 0 0 -1.989912253499666 -5.015137190536639e-08 1.5042515984495893e-07 -0.9949586076219162 0.9949587067697687 -1.2042328411237608e-09 -4.347312742852779e-08 4.485516694207638e-08 -0.9949587125760805 0.9949587095126102
273 2730 0 0 0 -1.9899122659805906 1.8000345092715118e-08 1.6377945386661887e-07 -0.9949586115517446 0.9949586311395737 5.750593017016418e-08 -3.449508660533393e-08 -2.9319078272501095e-08 -0.9949586203596779 0.994958688905876
274 2740 0 0 0 -1.9899122375120966 1.4634470100198712e-08 4.041325446417712e-08 -0.9949586073917973 0.9949585684636477 5.4606731174923286e-08 3.8117493862623394e-08 4.4720106275106236e-08 -0.9949586705028857 0.9949587058469922
275 2750 0 0 0 -1.9899122518979409 -3.039779172641347e-09 3.272574490421842e-08 -0.9949586302094051 0.9949586021567386 6.368921414984557e-08 3.1682132154138266e-08 -1.6349643699671336e-08 -0.9949586117086363 0.9949586685922522
276 2760 0 0 0 -1.989912244137691 -1.086519361728094e-08 2.676050323646617e-08 -0.9949585565162891 0.9949586373179652 8.281543226257245e-08 -1.4070062310747066e-10 -3.3917782576311526e-08 -0.9949586653845177 0.9949586211351993
277 2770 0 0 0 -1.9899122529361126 1.3087580320044955e-08 6.539275800551735e-08 -0.9949585364015453 0.9949586611539907 4.9834640817323115e-08 -2.367804916131049e-08 -1.5609056955983724e-08 -0.9949586595914219 0.9949586011619579
278 2780 0 0 0 -1.9899122796621116 -3.8848190917497386e-08 6.327730433144973e-08 -0.9949585590256985 0.994958626419477 4.054756821074405e-08 -2.3742969398578073e-08 -1.6837055425060183e-08 -0.9949586482502011 0.9949586555163868
279 2790 0 0 0 -1.9899122716816728 -4.885857853219208e-08 4.696064763874921e-08 -0.994958590166493 0.9949586829504573 5.0229533626003346e-08 -2.5490847840211e-08 1.995634310864646e-09 -0.9949586291128969 0.9949586398092305
280 2800 0 0 0 -1.9899122328148544 -4.017017907435743e-08 1.0261265847875235e-07 -0.9949585677576566 0.9949586947274129 3.939822630860046e-08 -3.6290286000605246e-08 -2.5858319432153008e-08 -0.9949586281429537 0.9949586527190206
281 2810 0 0 0 -1.9899122441968073 -5.0711001051136465e-08 9.396117223839608e-09 -0.9949585893529528 0.9949586879187124 5.699856580321062e-08 -1.9124782856443564e-08 6.176577136280844e-09 -0.9949586486006103 0.9949586491474149
282 2820 0 0 0 -1.9899122281239876 -2.6640392299289402e-08 -7.746729276888046e-09 -0.9949585938885469 0.9949586670168179 5.3296033294444485e-08 -4.722232601951106e-08 2.8797923111448608e-08 -0.9949586538287475 0.9949586895632206
283 2830 0 0 0 -1.9899122524709831 -1.4032989154082771e-08 1.4602914285174557e-08 -0.9949585876198338 0.9949586456890435 6.262470742859517e-08 -2.8681048356445913e-08 3.891502396237491e-08 -0.9949586508728241 0.9949586858136186
284 2840 0 0 0 -1.9899122472003938 -6.782370526832549e-09 4.377493756457054e-08 -0.9949585881475186 0.9949586709437588 4.442532751848445e-08 -7.169430993042999e-09 2.7365054049287905e-08 -0.9949586359889477 0.9949586419411589
285 2850 0 0 0 -1.9899122431429168 -5.7235312502311225e-09 4.801211161652386e-08 -0.9949585887880958 0.9949586701259889 3.7826089051335784e-08 6.459664071628267e-09 2.457170608497276e-08 -0.9949586312030896 0.9949586353513139
286 2860 0 0 0 -1.9899122371585316 -8.630392875102689e-09 2.607386852686274e-08 -0.9949586257699741 0.994958662461591 4.1729200678956134e-08 2.099326751290468e-08 8.930311966995151e-09 -0.9949586383694569 0.9949586435426215
287 2870 0 0 0 -1.9899122353351553 -2.1500411813276566e-08 1.846706628157777e-08 -0.9949586363275487 0.9949586653670937 4.152168514077955e-08 2.8374822926061e-09 1.4866026866421044e-08 -0.9949586680386276 0.9949586400301587
288 2880 0 0 0 -1.9899122342308617 -5.908059308511853e-09 3.986203258373024e-08 -0.9949586380276264 0.9949586606055609 2.4674823028874017e-08 1.1276390428806518e-08 5.478543517006741e-09 -0.9949586532109131 0.9949586545981264
289 2890 0 0 0 -1.9899122500666298 -3.826892203357596e-09 1.6210130928789225e-08 -0.9949586387931724 0.9949586656101417 1.942122735290568e-08 5.233185078261811e-09 -6.497173771999043e-09 -0.9949586434158226 0.9949586649185098
290 2900 0 0 0 -1.9899122323732619 -1.990300384080527e-08 -3.455008864115976e-09 -0.994958651974022 0.9949586574983529 1.5495868455820705e-08 2.6191468743586444e-08 -8.425325633535225e-10 -0.9949586395076737 0.9949586355907347
291 2910 0 0 0 -1.9899122237337303 -9.574001516367806e-09 6.451528248840041e-10 -0.994958645525182 0.9949586525203882 -9.173105645114858e-09 8.73234445555429e-09 -1.658805729381306e-08 -0.9949586422727656 0.9949586379175037
292 2920 0 0 0 -1.9899122041207815 8.61265029809515e-09 2.9266115739176947e-09 -0.9949586258084522 0.9949586306106639 7.590099067683833e-09 -1.1664584809861335e-08 -2.112104003597551e-08 -0.9949586254691669 0.9949586443380258
293 2930 0 0 0 -1.989912231491283 -5.8963982001683245e-09 2.56573383681062e-09 -0.9949586221663769 0.9949586417188374 7.143732665123889e-09 -6.783001906102935e-09 -1.6543725758316196e-08 -0.9949586341083203 0.9949586294684698
294 2940 0 0 0 -1.9899122405545282 7.754686614340625e-09 1.8402555980972543e-08 -0.9949586199942516 0.9949586443100691 2.1257736225951114e-08 -3.972943753654839e-09 -6.99007723475534e-09 -0.9949586457903493 0.9949586313313428
295 2950 0 0 0 -1.9899122387249308 1.7606888622690895e-09 3.956981051852495e-09 -0.9949586168730145 0.9949586478646224 1.0765703972207163e-08 -8.012344234225562e-09 -1.7860309064423266e-08 -0.9949586357872353 0.9949586280930747
296 2960 0 0 0 -1.9899122418690105 6.2973619620926035e-09 1.4173098349924592e-08 -0.9949586247821358 0.9949586518628141 1.1579415935095493e-08 -6.346031984918623e-09 -1.2669740126745238e-08 -0.9949586297939719 0.9949586182981388
297 2970 0 0 0 -1.9899122255457566 6.781812218329428e-09 1.6473812791059857e-08 -0.9949586212533068 0.9949586240999997 1.2290093925000268e-08 3.546417237908711e-09 -2.169824537467023e-08 -0.9949586424458181 0.9949586312591147
298 2980 0 0 0 -1.9899122226208181 1.169448135181339e-08 2.2026397077661796e-08 -0.9949586257053629 0.9949586257367482 5.01510384772335e-09 4.1013087901979195e-09 -7.56664871320293e-09 -0.9949586412055063 0.9949586305307672
299 2990 0 0 0 -1.9899122307333403 1.2541075741720728e-08 8.406063490307011e-09 -0.9949586354659992 0.9949586422777235 8.02760017603481e-09 -3.280152526365232e-09 -2.6498546186295894e-09 -0.994958647604 0.9949586279304123
300 3000 0 0 0 -1.9899122230920987 1.7740879506580727e-08 -3.6508958922142774e-10 -0.9949586364248093 0.9949586485138977 -6.260741785380258e-10 7.073309827814005e-09 -8.116471397006992e-09 -0.9949586506836627 0.9949586240907634
301 3010 0 0 0 -1.989912222696807 1.096390328119857e-08 1.2499529041525092e-08 -0.9949586356832532 0.9949586398688043 1.0997277655555515e-08 4.808037803028764e-09 -1.4763377265337705e-09 -0.9949586482447126 0.9949586249619543
302 3020 0 0 0 -1.9899122222228738 1.0591284450295916e-09 1.0165770628469687e-08 -0.9949586401841327 0.9949586444951601 -8.134212594468959e-11 8.643625606314334e-09 -3.242500775100128e-09 -0.9949586478909944 0.9949586279290576
303 3030 0 0 0 -1.9899122266596345 2.876834723744558e-09 7.378993892657113e-09 -0.9949586507230862 0.9949586536937698 -1.925981323309495e-09 1.348879480203096e-08 -1.0714309274707928e-09 -0.9949586456541581 0.9949586340102763
304 3040 0 0 0 -1.9899122336922797 6.815258760808193e-09 3.915411741923874e-09 -0.9949586403934446 0.9949586574304288 -1.6045294492567328e-09 7.784906588714278e-09 1.9562274631903813e-09 -0.9949586482202644 0.9949586215517305
305 3050 0 0 0 -1.9899122315746802 7.386487951427699e-09 1.64887963707863e-08 -0.99495863633307 0.9949586509016001 -5.784727609472102e-09 9.827224870690823e-09 2.5392614289499477e-09 -0.9949586460573994 0.9949586286728884
306 3060 0 0 0 -1.9899122359216697 4.023872963447291e-09 1.610716422634094e-08 -0.9949586358365524 0.9949586507316678 -1.1533716252900248e-09 9.061001879173855e-09 3.363866458881845e-09 -0.9949586431724935 0.9949586263036523
307 3070 0 0 0 -1.9899122394073574 6.602557550588304e-09 6.041752406036664e-09 -0.9949586312484364 0.9949586545119873 -1.4723147660665735e-10 4.636723064660437e-09 1.7664659075408931e-09 -0.994958641022047 0.9949586243715568
308 3080 0 0 0 -1.9899122352067637 1.2102452411818528e-08 7.0605735766524e-09 -0.9949586272690016 0.9949586490051574 3.2922717669834835e-10 -3.1374201990992096e-09 4.3068189315701933e-10 -0.9949586394564542 0.9949586248451537
309 3090 0 0 0 -1.989912234862079 1.2402061085802299e-08 3.27506330893149e-09 -0.9949586374409346 0.9949586487960937 -2.0944859402800048e-09 5.782177973442326e-10 5.4622254405579685e-09 -0.9949586350719389 0.9949586304277991
310 3100 0 0 0 -1.9899122356235295 5.669457288181595e-09 1.7605247782363004e-09 -0.9949586423158894 0.9949586450330083 -1.641832752392808e-09 3.810898879689259e-09 7.087213395035802e-09 -0.9949586366158765 0.9949586335451167
311 3110 0 0 0 -1.9899122346623326 8.235084574999848e-09 1.4641870413531895e-09 -0.9949586361620932 0.9949586409610416 1.8515105182947448e-09 7.560598914311495e-09 2.032326189050405e-09 -0.9949586369094063 0.9949586353509238
312 3120 0 0 0 -1.9899122325455973 2.4896083208214756e-09 -4.7950003499441175e-09 -0.9949586331469772 0.9949586415554118 2.510798462148206e-09 4.723474100446045e-09 -1.6853699667596651e-09 -0.9949586412417886 0.9949586305488787
313 3130 0 0 0 -1.9899122307924348 7.236452201428467e-09 -3.321829225345116e-09 -0.9949586385049816 0.994958638696193 4.8407089890908054e-09 2.114079522424449e-09 9.75294278910217e-10 -0.9949586396149419 0.9949586369493316
313 3130 0 0 0 -1.9899122307924348 7.236452201428467e-09 -3.321829225345116e-09 -0.9949586385049816 0.994958638696193 4.8407089890908054e-09 2.114079522424449e-09 9.75294278910217e-10 -0.9949586396149419 0.9949586369493316
