% # columns="iter, evals, sigma, 0, fitness, xbest" seed=515868, Mon Mar  2 21:33:19 2026, <python>{}</python>
1 10 0.44572367372837013 0 104.70232470762355 -0.31329073428642007 1.8135560511482072 -0.09146150053720684 -0.3234076931386122 -2.122431800299069 0.6011617524778947 -0.16881241512991793 -1.3679828242275218 0.2621302753269778 1.9235344324280261
2 20 0.4319875774881684 0 85.48314236876548 -1.2228001979045406 1.8214190107227919 -0.05750087926688631 -1.0467696424943185 -1.603852489002348 -0.35210952898300024 -0.14427529804531494 -0.9947982544550598 0.5967916911779964 1.9384727433704754
3 30 0.4114294590319871 0 69.33758758419526 -1.2628167172630014 2.060514438058256 0.7212541710315137 -0.17803406781622033 -1.8994036993320973 -0.12209897845446996 -0.012236484231090583 -1.0085402778521921 0.4988736007938599 1.9473793524011371
4 40 0.40359677771771285 0 83.51501274267932 -0.9558776794426664 1.8179998859997686 1.0001848251855556 -0.08864157642131759 -2.0218591029330293 -0.25181256150845155 -0.6807098218542031 -1.5116015735724964 0.24672497345860978 2.937784873474161
5 50 0.38853317434883844 0 83.42126891327891 -0.7304135143291257 1.9137581143631182 1.0468300248572362 -0.6269479559716478 -1.9112810551323283 0.047367588598365956 -0.10186325845637367 -1.0225726807563897 0.31173228595923175 2.432748926014435
6 60 0.39345924223866124 0 75.69248963738197 -1.302251084426209 1.9661225439567172 1.0133876454694697 0.1298668717392947 -2.2924984208156483 0.09121888438969325 -0.17492320387814253 -0.9152521395595365 0.2901796090614098 1.756750181039978
7 70 0.37389162716345076 0 82.48258840644128 -1.7119727328169478 2.2480726564022384 0.8556409722924304 0.12685700362789293 -2.732191613874739 -0.06919268273113047 0.15943918475489843 -1.1029128650565612 0.04868744162795678 2.2758610758633377
8 80 0.37639598277264746 0 107.73618819455244 -1.7108388598641482 2.2358127129785474 1.1351575703656385 0.8505238458370297 -2.7849791218165865 -0.4801895140865167 -0.025997656544335033 -1.790605322119857 0.04771106209411423 2.3567375436126237
9 90 0.3776270595337472 0 88.48170891330028 -0.2910733660096414 1.2007694434018 0.33326579748651397 0.006447048954430767 -2.731779621906206 0.0718505437813039 0.677162569244292 -1.1121277265987817 -0.037870566418371866 2.233322635011195
10 100 0.3577669307789841 0 86.11327276121267 -1.19822818793332 1.2566445390428411 0.23837584107113846 -0.20964045133125503 -1.9772869841163045 -0.6490228768895793 0.09266158274920835 -1.2582206242229603 0.23946899829573662 2.0782308060267294
11 110 0.3518490614940035 0 94.17846803619378 -1.2279256311976638 1.8249810954225267 0.9709982151571095 -0.2957368341878529 -2.2703784837403056 -0.5330425364552566 0.10622007706247147 -0.7373449711943553 0.19391572010407498 2.0481561612497554
12 120 0.34967800188178516 0 70.44493280100772 -1.0406132986240237 2.213176842260834 1.155905524641951 -0.8693609406169749 -1.2352398718149238 -0.7485105339861269 0.1609480838739082 -1.173794462435371 0.02787045787184847 1.7369636416024459
13 130 0.336178343647618 0 82.50440174514418 -0.7782917410565245 1.7909525583344896 0.9349084536576897 -0.18079293381271427 -1.8967327314661275 -0.7262726839074627 -0.2709414521804637 -0.9489738843391398 -0.2659738807857668 2.2338130955240394
14 140 0.3093955463383835 0 79.76096641321388 -1.5916626306038388 2.163695957725493 0.777901370512731 -0.06613810906469542 -1.9813264190510846 -0.3308794771467453 -0.08222228828993 -0.7879645838688536 0.06532179692108056 2.175634506565624
15 150 0.29480435947673966 0 76.47373838496868 -2.0243623624770604 1.794422249480348 1.213351971319136 0.2073247932088538 -2.079672510960485 -0.41068933932371005 0.27954431459755824 -0.9589912512241958 0.1374542189920649 1.9477765315898785
16 160 0.27381473046199367 0 85.30548263428093 -0.7360142656706664 1.8901860806435509 0.9958614014986085 0.008865853433328436 -2.2805896553610103 -0.12389295013912671 0.2760229165793355 -1.4871987764251617 0.03528311710259269 2.2173460051971854
17 170 0.2414138490188606 0 59.49551101001352 -1.0428685690241928 1.973618134244651 0.8332886928750391 -0.0036679824544464754 -2.233828478569875 0.010151943756576576 0.3155829775992198 -0.7131601871711198 0.1303628818721142 2.0250225799587867
18 180 0.2143836733917998 0 71.34315097225102 -1.39124198351475 2.0541751561817336 1.0259293820773183 0.03073787961953736 -2.0632211915583314 -0.39664502139445973 0.20234350916047292 -1.1542045598479844 -0.1509163837018348 1.9043873685100305
19 190 0.20850563557970128 0 56.38795605493814 -2.0387856932273984 2.044283751944753 0.9317616896308886 0.13283226425582179 -1.779770557921095 -0.2345222444876971 0.16428803277364412 -0.8463963899903939 0.08624746022500682 1.7930611832210368
20 200 0.206762273881466 0 45.30949720203034 -1.7974195396498076 2.0469611838972703 0.8006917787002594 0.03100546607112256 -1.7974237037351342 0.03618160900976625 0.15945462940549265 -0.9701104537797969 -0.11216023518054136 1.9967107370994575
21 210 0.19751531978554526 0 56.17380893224069 -1.6715633058209998 2.1164567777428394 1.0943453531064091 -0.07054991012998711 -1.9118611067093552 0.03640826694941883 0.033686332020664844 -1.0178571543136337 0.34745969137314614 2.0664932442118262
22 220 0.19163704025727663 0 35.62479877917532 -1.9053287787439035 2.0969855507633213 0.9817218666460614 0.057351377900192096 -1.9316473792239102 0.07907156757051251 0.18989360678420925 -0.8565109975022249 -0.0806949006366755 2.0363718669212116
23 230 0.18213434939798195 0 40.56366267770598 -1.7151533111303565 2.059156916693672 1.0061926728690087 0.021749860302416595 -2.0535011989672953 -0.029250870027904247 0.1476529777219458 -1.0303483723725901 -0.09773302343003419 2.1233101576905744
24 240 0.16693033635200427 0 43.760584437030104 -1.8681570455142567 2.1202079177803554 1.1691593638650892 0.1447109520416524 -1.8954804203059228 -0.10913455605150871 0.06703016279065642 -1.1562962113390638 -0.0644759356513582 2.0032683210833993
25 250 0.15437152291009912 0 34.80661368803533 -1.78532810992062 2.0003071687903486 1.1310718922870853 -0.008588601067959167 -1.981109156389504 -0.12127115576454495 -0.006225495291703825 -1.0282494785027694 0.01818416257611366 2.1211464818731365
26 260 0.13519985556336947 0 39.02868012462761 -1.7761591627428113 1.943495224760434 1.155311200753633 0.012681866104411917 -1.9220823977365722 -0.18985183340227116 0.018062415230295635 -0.9606382996945331 0.06370952732797444 1.9716246013459022
27 270 0.12560791967834853 0 32.21160049360353 -1.9219084906887869 2.0580466621191724 0.9926692280281045 0.18197249614795813 -2.0596989677242434 0.027616862077849413 -0.007955271469456668 -1.1001736216561346 -0.1289025065580304 1.9555114912554352
28 280 0.11835027824820586 0 25.49021828237646 -1.985366858981075 1.9848778201291972 1.0345390639395076 0.09424138750813599 -1.9076107134309164 0.08630045746987093 -0.029952552491084045 -1.0942377103152137 0.027701408979654937 1.9354511170794828
29 290 0.10943070913679157 0 28.26999689615407 -1.9834429308474988 1.9584576574383792 1.064577613361869 0.05114320164363873 -2.0154403558777867 0.1058285808640795 0.062233991144176756 -1.0648600770242076 0.15834356619270692 1.9645648416083794
30 300 0.10196431068297637 0 24.513055534451468 -2.0049725723158915 1.993174962853522 1.0390851096889124 -0.021258412022319012 -1.8497341267445373 0.00688825872888528 0.01998226898843363 -1.0553322120839046 0.07031349750782964 1.92837658674333
31 310 0.09847856065709319 0 21.378709705579396 -2.01579742645194 2.0543625311081413 0.9378593976227013 0.0229276001493561 -1.9560588365703355 -0.029778463377059985 0.06306346493067108 -0.962614174861344 0.04155606204246573 1.9738667506032301
32 320 0.08961836383071878 0 21.864942338924266 -1.9584911116272528 2.0143468866384757 0.8961537092092249 -0.013397415325452272 -1.9944410151675036 -0.042622586549356974 0.0020543943900241737 -1.0461064599053873 -0.027340529095558102 2.050257158611136
33 330 0.08522226816467442 0 26.593878827020774 -1.9490669955598547 2.0145114002898565 0.9287397887053099 -0.0405818888097772 -2.010521293092518 0.057854474800593844 0.11380225890463547 -1.0725189177404515 -0.10641299109927202 2.041020736473315
34 340 0.07789325253760332 0 24.332969998600703 -1.9500898172232388 2.097879099058857 0.9185673423670757 0.012181914786483642 -1.8995359994577394 -0.06392636955414235 0.013818447641385671 -1.021751877644788 -0.017189899489775395 1.966654461323313
35 350 0.07202623000477776 0 23.628068257836972 -1.9821540232540633 2.1008905375110114 0.9393676920626723 -0.04566410887994699 -2.010628250455284 0.010150585356980844 -0.05135699734982932 -1.0331657190244146 -0.0764416135155522 2.0264569070830656
36 360 0.06541476872076452 0 22.37677651079332 -1.92260528258391 2.060437513630876 0.9238385041358923 0.021619689547960525 -1.948504552612382 -0.06024053167982596 -0.01825904900129817 -1.0395473911717532 0.0013977648857336072 1.9770128366372466
37 370 0.06040330225179268 0 23.283469463225074 -1.991347441055824 2.1043632352966433 0.9621267275791149 -0.043994613496679366 -1.9599518181814 -0.04822957794006758 -0.0709590338329497 -1.0415795676619055 0.009224714942201055 1.9584924481836141
38 380 0.058617365757000175 0 21.486545788145406 -1.9658265516485638 1.985754245482304 0.9485347796439285 0.08542703382850218 -2.0381987474088445 0.001973758790112544 -0.01306464764884432 -0.9354675940260186 0.04089234549974357 1.9666736650760435
39 390 0.0529163571866991 0 19.578504982757465 -1.9556480687832982 2.054270267882794 0.999869889188399 0.02522393843642731 -1.989994223778057 0.005656647655693632 0.016232754057649422 -1.0072432029302938 0.04522619616896306 1.9884032689703024
40 400 0.04835437995578208 0 20.63394942345957 -1.9484380939966373 2.0024353824925147 0.9817503239972906 0.06899312454943499 -2.007082431937258 0.03537103472656149 0.019987301753424266 -1.0542004460726646 0.007929920100482022 1.9504864894802647
41 410 0.04753617680750044 0 19.310467107957052 -2.0206267853931132 1.9439842742563924 0.9766887948765941 0.050445632894423824 -1.986486111514246 -0.013423461490817825 0.009276524118876332 -1.018743101456461 -0.011533662563009611 1.975386724912404
42 420 0.04340112347299855 0 20.284095086743775 -1.959358531907628 2.003115220378348 0.9345740854857517 0.009640240641492923 -1.9440296247528226 -0.06683805908305684 0.0004887281624436635 -1.002797401963232 -0.024931427476822643 1.9841286363571178
43 430 0.042280084725731554 0 19.097224307137736 -1.9557158972649376 1.9784704696975823 0.9873424143998678 0.019865311901211657 -1.9707183471267784 -0.04765665215374843 -0.0023982817028594533 -0.962637115753915 -0.02256313676282541 1.9812211406045033
44 440 0.03995604343927794 0 19.3983060813962 -1.9472366437593738 1.9781965940142767 0.9795234746839575 -0.023927542215098706 -1.9691875246792572 -0.03471426927186149 0.022583607278984966 -0.9926610318529279 0.0512630575566545 1.9858784538643444
45 450 0.03598977160326254 0 19.516496944477012 -1.927896962566106 1.9733930266737112 0.9552743294191347 0.007731880152965581 -1.9602567807227165 -0.009277529573681737 0.03831130126470143 -0.9981077833725124 0.004499192792322446 1.990771835701704
46 460 0.034362688175953185 0 19.727931079998356 -1.9589212942811576 1.9619753658352828 0.9505491162405925 -0.006200547241617331 -1.9544561026781881 -0.04723396530206072 0.04015933743738004 -0.9898046731391402 0.003261412961532909 2.008638435444786
47 470 0.03171496856834401 0 19.156783804711793 -1.9717458319857801 1.979743122846984 0.9744775513788244 0.036703365828706466 -1.969483698377511 -0.04574435957822427 -0.004722937259680225 -0.9680804261533958 0.02352822820691457 2.0075439184775545
48 480 0.03072124248645984 0 19.02124427433087 -1.9880965577772476 1.9811292848380728 0.9954710832527671 -0.002974726012568006 -1.9716910539154178 -0.017487263845600533 0.048161521271423494 -0.9967366143536176 0.03680693489970947 2.024953922376982
49 490 0.027523199464080484 0 18.762142358380146 -1.9899280143720146 1.9714544383310162 0.9817677205784389 0.028228611797300192 -1.9737359742743859 -0.026709844870473502 0.023883020281169672 -0.9718056891193169 0.0229989063755586 2.009624051879674
50 500 0.02617940895034905 0 18.865362562254745 -1.9910170295979968 1.9905361277376468 1.01833141161461 0.053264065803029816 -1.9891755437211058 -0.006777038695183049 0.0069376403466524135 -0.9998759957367718 0.02528097797643107 2.0164651168753682
51 510 0.02509714903771014 0 18.692506018408594 -1.975915770212657 2.0084477365092672 0.9810759548902203 0.011223820111095996 -1.9873726270546517 -0.003817746457413453 0.015437162668291328 -1.0058249128385557 0.03890229430361215 2.024697327946024
52 520 0.02328448877371734 0 18.301556803901022 -1.9745981622366593 2.0051500251546712 1.0093451940895115 0.021317498685157116 -1.9893605546757205 -0.009877306591725352 0.01834539926913375 -0.9859346811703189 0.010182439106103634 2.00516196093352
53 530 0.021660716584568602 0 18.359404840512852 -1.991602717172249 1.9980828646570061 0.9995191766079748 0.02033674726148927 -1.962572379302654 -0.010206498145570387 0.020190930296662944 -0.9994880550568324 -0.001189338101212408 2.0120794137711835
54 540 0.02170217053620763 0 18.17410952123062 -1.992267040372808 1.981332833869734 0.9915957129274038 0.012043252261164558 -1.9954727620322934 -0.0002732275419520102 0.022529926410183566 -0.9854352346395495 -0.010510619033618673 2.0089237456013818
55 550 0.022206639612784577 0 18.144867235402117 -2.0104632297886282 2.0016372992067257 0.9951363294533466 0.004430236281690551 -1.9725196133543221 -0.01193082405976033 0.004643262439719104 -1.0045408945396566 -0.002119468291660918 1.9968127857125046
56 560 0.02096901053164068 0 18.22462360276647 -1.9894199200027618 1.9982123842372772 1.024476661611035 0.024105907082142462 -1.9897697923025417 -0.0014894589638803214 -0.00027395906617586063 -0.9878988303425192 -5.0364241200293036e-05 1.9942100449889448
57 570 0.02027781634687177 0 18.095055578585544 -1.988125182973301 1.989939644372327 0.9946587031520111 0.003987777754993513 -1.9670867331410538 -0.011080904308773202 -0.0011133638155663855 -1.0046732326740988 -0.0018727048513121833 2.0032618013105967
58 580 0.019978895887578525 0 18.00888434831795 -1.9987432311507798 1.9927581759636257 1.0033859680605441 -0.004793308559149752 -1.9807181118352437 -0.00810340343420356 -0.010343394332598082 -0.9970827017393606 -0.002576249635669486 1.9972850164479072
59 590 0.018096502559550462 0 18.048409146843625 -1.9991870696426899 1.9765267267647768 0.9964076643697413 0.009058467071532982 -1.9873020078725865 0.0006175518568047565 0.01431969395244304 -1.002318370379781 0.008110534626890965 1.9944978741926274
60 600 0.017676945352425432 0 17.963969018449504 -1.99275045585831 1.994305027228217 0.9940736671673122 0.003023076788736879 -1.9864425994522175 0.007340972857309236 -0.0031517786368167834 -0.9829339019969191 -0.000857812815670678 1.9856972397389372
61 610 0.017187531519949662 0 18.04565971957227 -1.9908187193104445 1.9922496547993593 0.9966548115271299 -0.015425046134236951 -1.9830758997095552 0.006452130891692385 -0.002323133602359508 -1.012190962762268 0.0021347827708904344 1.9966759256889153
62 620 0.015371855855969804 0 17.978296415868456 -1.989804951949593 1.9857716112050685 0.9974582272038885 -0.0009456392622396118 -1.9876243869106907 0.007348851674707259 -0.0018792306993313862 -1.0054837621016253 -0.008966227493567274 1.9982795193714318
63 630 0.014396298609944467 0 18.02891192949801 -1.9892176489218614 2.0036400735839113 0.9949466715155801 -0.014925812247412854 -1.9908138886485414 0.013235303469708125 -0.0011150796376339272 -0.9952157951974396 -0.0035958088555860137 1.9886184905183364
64 640 0.013473817093539606 0 17.955638607062042 -1.9931125995513628 1.9955698682544682 0.9936436593335164 -0.007646673637854958 -1.9929160916990878 0.0076915653987237485 0.0021415543500230526 -0.9911718936411495 -0.004763670175764574 1.9852458504358257
65 650 0.012717838638106629 0 18.016685210650564 -1.988683049435441 2.00317228307729 0.9822015723734756 0.0011766118612115302 -1.9878522016819546 0.0049455744987390755 -0.012726891463700287 -0.9941536606250853 0.0026693641943652258 1.9913967356728535
66 660 0.011569120268913661 0 17.964168818164197 -1.9791111212054202 1.9954060365377886 0.9980592025600356 -0.0006842022485999992 -1.992741575970098 0.005391826012294254 -0.007597384293653172 -0.9928309745174351 0.0038967642609512546 1.9874725798447956
67 670 0.01077403836236307 0 17.954835528842196 -1.987120451885284 1.9908189748224523 0.9929306600454746 0.005776901728430886 -1.9979633988590328 -0.00694204372399213 0.005540330559390004 -0.9926208183785085 -0.003810360577772374 1.9854193378251803
68 680 0.010575736793164174 0 17.96470693389155 -1.9912778747423088 1.9927275894791112 0.9884602068321544 0.013055302940107353 -1.9886318198801205 -0.0015796640801510105 -0.0020354898348240104 -0.991707706960868 -0.0012010683850880595 1.9838217841065389
69 690 0.01018839682207566 0 17.982045919698024 -1.991512702490702 1.989005190355337 0.9916726497999002 0.010347687138545881 -1.9976106516417307 -0.008853451436676167 0.004244360283437663 -0.9921454426197324 -0.005841032500464616 1.9968566789425566
70 700 0.00951307913653547 0 17.952673128303346 -1.992286181759667 1.9881531023248507 0.9902014316345212 0.00465919208671239 -1.9986447761154316 0.005200906762039105 0.004233600150224559 -0.9886445531564098 0.0021938139694199364 1.9902259479878357
71 710 0.008654732349172047 0 17.95292585049296 -1.9929137668441466 1.993180115652908 0.994946206642662 0.005802183613771633 -1.9946271431667635 0.0016014481698970223 -0.0002940051422308824 -0.9866557221366636 -0.006773394385501835 1.9951403426306775
72 720 0.007933317231507727 0 17.94056048086854 -1.994298485912403 1.9853988090113446 0.9923667803016817 0.005035816576301402 -1.9953183896292663 -0.00028278286868462855 9.545588315173006e-05 -0.9937267588450714 0.0069054456539170365 1.9871179128645693
73 730 0.007341452437826695 0 17.934317957158967 -1.9900495535110998 1.9869477652641705 0.9858812994617883 0.00019528120390440058 -1.9914607708256227 -0.0015186559255310082 -0.004161917647497792 -0.992497232185446 -0.002084784009690511 1.9916052541619633
74 740 0.006813367973786357 0 17.943489626081146 -1.9882093098687978 1.9918983025273171 0.9911267858789878 -0.0026871095795403806 -1.9987327830130295 -0.0008720264128776527 -0.0005230255450465195 -0.9876396854941351 0.00044340689285114624 1.9865248813099619
75 750 0.0060882397592826945 0 17.928469512953683 -1.9863400825761033 1.991737711920063 0.9937685394973655 0.004293318625594836 -1.9898693714789766 -0.0005666172855157408 0.00022248743323878637 -0.990749288469404 -0.002439856362355828 1.9838220742432604
76 760 0.005872195485284981 0 17.927952078587836 -1.9896253163866255 1.993845509144346 0.9978375177131815 0.004781417165433727 -1.991531760693718 -0.0020120761811888333 -0.0014815764588029976 -0.9887423257304503 -0.0004061475532203822 1.9899355096863967
77 770 0.005557426241192885 0 17.92108753530698 -1.9919375306776825 1.9904359127625426 0.9978771794289762 -0.0020680542671615005 -1.9905113047427132 -0.0032130082582316677 -0.0008283244094677105 -0.9929829905019095 -0.005214809177795108 1.990200947524323
78 780 0.005264059915422981 0 17.916191130723547 -1.9929899669350568 1.9924469645996838 0.9949700640958673 0.0030837559945361206 -1.9888596570551282 0.0011681831715537165 0.00255034481817092 -0.9944066136866365 0.0005870822062897939 1.9900494814694252
79 790 0.0046057333115723555 0 17.91723939342171 -1.9883578602191834 1.9911678536785953 0.9936839214769327 -0.00032712098511465584 -1.99077906996449 0.003293501900675677 8.363732896465251e-05 -0.9906514407098358 -0.0017097657806336816 1.9886747902526516
80 800 0.004223163450919219 0 17.915617423963752 -1.9902562027358275 1.9905285306306082 0.9984358874109881 0.0014655000082991652 -1.9886891374010955 0.002362618835898744 0.0002867804339662422 -0.9926819814395038 -0.0016774927650153341 1.9884111872059422
81 810 0.0038693914873653267 0 17.915085291132897 -1.9867475276891151 1.9895383789303447 0.9929731380550311 0.0001835418911610915 -1.9901647101394055 0.0034327464929353483 0.0011827875996497908 -0.9938448991467326 -0.0005531821323694478 1.9891674477852226
82 820 0.003922636008780208 0 17.914944649591433 -1.9883151149461458 1.98883507465413 0.9945545897602839 -0.001768367683714275 -1.9916871420519209 0.0027574873894687015 0.0006438955870552651 -0.9963740573201901 0.0019541822930196 1.9877273984855774
83 830 0.003614217761323368 0 17.915611784830006 -1.9901483335865136 1.9903329473384863 0.9978976173410656 0.003929770135687213 -1.990705103973248 0.0013114414096513658 0.0011129673201307046 -0.9946694977598126 -0.0019827142441135 1.9894728813129703
84 840 0.00372369224883496 0 17.916766194935335 -1.990675528576748 1.9878384991495166 0.9956664682755915 0.0006880447696574383 -1.989841945962296 0.004054098131202237 0.0014374729136188355 -0.9984843599861529 -0.000921555498058663 1.9904540227761425
85 850 0.003523496983145262 0 17.913811303061536 -1.9912652688860448 1.9896544725043475 0.9965169156521657 -0.0027231649016926113 -1.9900595432530577 0.0020188609253277996 0.0011922288237608551 -0.997334750813303 5.210924392386586e-05 1.9902668405568391
86 860 0.0031970341220045116 0 17.91566421406614 -1.9913435739805971 1.9895298136409207 0.9955093726444767 0.0010822236524158646 -1.9910514362014318 0.004045011115006703 -0.001514657084604876 -0.9977462136240394 -0.0006065945823641181 1.9906971306706918
87 870 0.003021235371149284 0 17.91516812971571 -1.9872367980589671 1.991018707509521 0.995351963401795 -0.0005717929816368519 -1.9881267864623808 0.003533214987677364 -0.0011515580828396462 -0.9960668878347733 0.0003355773786222595 1.9882697728539855
88 880 0.002939599338240986 0 17.912551046192547 -1.9890359841720269 1.9897417428442332 0.9927511981123351 0.00211952277123288 -1.9910573272537055 0.0015232154150679137 -0.0013371951983506397 -0.9946875035662888 0.00039120076758118814 1.9908481295661649
89 890 0.0027889164741306772 0 17.9124426653036 -1.9920574708684873 1.9898297889341714 0.9936683651320539 0.00030808634617857274 -1.9889593693667427 0.0017544607789447436 -0.0008163443948253537 -0.9956145177544214 0.001650284661064092 1.9885088860646551
90 900 0.0027328164050265174 0 17.911363136552367 -1.9909558574038806 1.9884987318492824 0.9947328089490982 0.0013246777000900053 -1.9909983741952604 1.6724615682999237e-05 -0.0001638241458898884 -0.9952392085645577 0.00039392603401901727 1.9920026543018845
91 910 0.0026409966465947552 0 17.91110856649111 -1.9902344541223902 1.9887945567452932 0.997296956012258 0.0009916744095276855 -1.9898520259871404 -0.0011988035390987732 8.315779978838964e-05 -0.994778083489433 9.910831386095777e-05 1.9902512226202131
92 920 0.0024894072828916614 0 17.910535959917468 -1.9911176562232533 1.9899887381824652 0.9962606370692083 -0.0004825566064147427 -1.989297051189225 -0.001179000747647252 -0.00040914685016364563 -0.9960319769130901 0.00021768083149856866 1.9898975707867548
93 930 0.0023958600565227 0 17.91128494945994 -1.990549503689178 1.9899932124699642 0.9969173929248943 -0.00023908080073731673 -1.990420121922362 -0.0017166745864570646 0.00029196691160521607 -0.9937697028218337 0.00034614025029562265 1.9909933441013368
94 940 0.0022203287479180918 0 17.9111363495212 -1.990159440144638 1.9912141057137327 0.9958397649133417 -0.0003441005369712323 -1.9908844433626882 -0.001393017821389119 -0.0007463548948965434 -0.996234221026191 0.0012035387649658395 1.990530088310929
95 950 0.002162122829034562 0 17.910716155293485 -1.9886938420734759 1.9908344024204656 0.9954873059566665 -0.000533819987488048 -1.9897914436528696 -0.0013855093142777358 -0.0005347803676539082 -0.9956176589647366 0.0005759277759180195 1.9886676095389093
96 960 0.001919099631521008 0 17.910142314539115 -1.9907309022228108 1.9897639208498479 0.9952414546117418 0.00046381513508189024 -1.9904174966307475 -0.0015624948059628232 0.0008080232274186277 -0.9953762226471707 -0.00014696852866698522 1.9899642738788292
97 970 0.0017521822403617905 0 17.90989345360147 -1.9887687766511541 1.9901117311616885 0.9945911037880202 9.212755054753197e-05 -1.9892041723405083 0.0005337691142871486 0.0009384742879447131 -0.9949953703252966 4.223186780739784e-06 1.9895596748510713
98 980 0.0015699326110767387 0 17.909824845090895 -1.9901161377486858 1.991049501357587 0.9948260022715164 0.00023298960641620448 -1.9903648937789364 0.00041554143735886745 0.0004485168750806664 -0.9955022029090097 -0.00033541132158401097 1.9906497597398445
99 990 0.001471553695040484 0 17.909779040772847 -1.9895339758492185 1.9902678594171048 0.9953959323896874 0.0005389233372745265 -1.9896621461013644 0.0006220534093112609 4.5157685602564455e-05 -0.9958846561457354 -0.0005326923439071837 1.990512532302748
100 1000 0.001361842185634244 0 17.90999332004037 -1.9894518189304573 1.9895560050282541 0.9957754888405419 0.0005086341876254469 -1.9887692038744447 6.169500559867862e-05 -0.00039277721192509723 -0.9955730500834703 -0.0002782929620913819 1.99068900455476
101 1010 0.0012876049202735077 0 17.91001739190861 -1.989471839498572 1.9892724186522044 0.995068126103323 0.0008069971952920877 -1.9888288413733306 0.0004951650085233228 0.0004132099403901704 -0.9952319926814649 -0.0007649648650585718 1.98928574494707
102 1020 0.0012177080570126288 0 17.90992014160821 -1.9895928540918668 1.9892880475814703 0.9951064907586047 -2.2703768755570923e-05 -1.9895735146372184 0.001255775109694139 -0.00029565953943486243 -0.9958591688266389 -0.00047584374503009913 1.990203921253199
103 1030 0.0011158768746934915 0 17.909562997140924 -1.990337812255373 1.9894652395416512 0.9948016670903143 -0.00011313929182255077 -1.98995015931442 -2.4778504832015207e-06 -0.0008066536469733147 -0.9956005547112188 -0.0003314010638786285 1.9900612594301168
104 1040 0.0010202850002371216 0 17.909520155390396 -1.9900051464102606 1.9901376654058889 0.995484969352793 -0.0002512853247713377 -1.989630901458761 8.059677851829795e-05 -0.0004606184342336785 -0.995399457282951 -0.0005761414807749954 1.9903302941016872
105 1050 0.0009277833137096735 0 17.909463448009518 -1.9896466694248607 1.9899806822565587 0.9946155290888109 8.988564725020092e-05 -1.9894740301648466 0.0006742173286551238 -0.0002307117832813564 -0.9952556611652207 -0.0001424882395534325 1.9902336257201656
106 1060 0.0008660629893405841 0 17.909448221329868 -1.989580895854054 1.9900729924323333 0.9950702985726106 0.0003217160301207777 -1.9902703845677645 0.00010538494399809652 -0.0007895036396055625 -0.9950858027023636 -5.6422156735336335e-05 1.989956333577863
107 1070 0.0008094073145346702 0 17.909413147759096 -1.989786799747349 1.9900506334198609 0.9956494089736401 0.00033295259476893464 -1.9897287553240022 -0.0001404909891796785 -0.00024187528847988973 -0.995081037115993 -0.00011071968800780885 1.9902232829425575
108 1080 0.0007533956811698917 0 17.909382882764177 -1.9900976699352717 1.9901162353725923 0.9949340275289353 0.00036078462671262766 -1.9898665598018372 0.00014647501999674544 -0.00023195711347777 -0.9955783928080033 0.00014570106713251182 1.9900411691703632
109 1090 0.0007299792168092971 0 17.909355522063606 -1.9902747299668833 1.9901280219412227 0.994886767138176 6.054394481354178e-06 -1.9898890885127627 0.0002818825222729942 -3.2677469857647444e-05 -0.9952977140460431 0.00029634186776636147 1.9895938253977907
110 1100 0.0007283745562549439 0 17.909357172062684 -1.9901082314376497 1.9903710527768195 0.9944374930350841 0.00017686693576739312 -1.989916714530542 0.00013420710540671576 -6.850570746781353e-06 -0.9949622300020503 8.203423261030588e-05 1.989901538463788
111 1110 0.0006781191680274969 0 17.909287404580752 -1.9898232851476647 1.9899777843720456 0.9947817256976548 5.334930562244715e-05 -1.989727166233397 8.6887616040066e-05 0.00011712602754741192 -0.9948410285192427 8.537787888514219e-05 1.9902312465259637
112 1120 0.0006176902772067774 0 17.909293064711107 -1.9901547530416273 1.990080529598976 0.9948036878831318 0.00020175413384615725 -1.989818648700987 2.9480512111033263e-05 -1.9435234582941884e-05 -0.9950048499602133 0.00010212040257959206 1.990193143254679
113 1130 0.0005984274689988563 0 17.909326090881578 -1.9898927391315968 1.9899730383224192 0.9946349777929596 -0.00023183595080905858 -1.9897904823969208 -5.29509968444428e-05 0.00016594703443383046 -0.9948207078776619 -0.0001388960402389729 1.9903291526198097
114 1140 0.0005641849262164204 0 17.90932118303067 -1.9901669712017493 1.9897491050154374 0.9946352771000042 -2.7626642133498565e-05 -1.9895987120467957 0.00014315796474680554 7.697997066561738e-07 -0.994714682896455 -7.328815700500052e-05 1.9900334741033878
115 1150 0.0004967267168006197 0 17.90928533480684 -1.9900072362819485 1.9900458354670203 0.9946901223722082 -0.00021184279487804434 -1.9900030089496128 0.00010223060389653692 -6.284164140772391e-05 -0.9951427827968479 -2.3188094852660695e-05 1.9900272209264136
116 1160 0.0004243832685994458 0 17.909292195662744 -1.9898488447443026 1.9899295255332037 0.9946989089496117 -0.00012471425859523154 -1.9898416529328222 0.00038505021609385717 3.457244560715719e-05 -0.9950303611637479 -1.7243820995025067e-05 1.9899502058960807
117 1170 0.0003922591698424971 0 17.9092911503662 -1.9899381658804436 1.989999946702239 0.9946738590144044 7.153439193756926e-05 -1.9897403206687958 0.0002450906664956149 -0.0001384406584361823 -0.9948821168038265 5.382272369710584e-05 1.9900893935227841
118 1180 0.00038147586471253377 0 17.909280304218797 -1.9898588670783899 1.9900067860891635 0.9950422768111208 2.7501502401633214e-05 -1.9896478502202117 -0.0001953548937912597 -7.322771332323947e-05 -0.9947686035878462 4.747140400484061e-05 1.9900446992356828
119 1190 0.00037059022455817616 0 17.90925690336657 -1.9900020873406754 1.9899057019292183 0.9949942849001752 1.2137600473698368e-05 -1.989948477153572 -8.36707969412215e-05 -8.079038869972973e-05 -0.9948202617507326 0.00013257872895735886 1.990010471321305
120 1200 0.00035915661440925374 0 17.90926765525107 -1.989852843374727 1.9898277885601472 0.9950132764273817 6.083442088773111e-05 -1.9897550373894624 -2.7310501690846308e-05 3.287723730409626e-05 -0.9947013062007907 0.00011316051830707665 1.9898663764996023
121 1210 0.00033728478901051115 0 17.90926414649222 -1.9899647005309984 1.989778910581652 0.9949622675395977 -4.323307455982205e-06 -1.9898305629952309 -3.1564643914368486e-05 -0.00010535926252564252 -0.9947632899622773 0.00016962046544314097 1.9899443301320294
122 1220 0.0003201229439688957 0 17.909259849203238 -1.9900711642300286 1.9898826793674995 0.9948707633522148 4.118887148701434e-05 -1.9899430493672823 -8.362622360502748e-05 -5.932540176692597e-05 -0.9948295748605179 0.00011062875447809575 1.9898136024007484
123 1230 0.00031981317920797545 0 17.909251705770288 -1.9898142182632732 1.9898495009370454 0.9949600139664452 -2.5220635946571756e-05 -1.9899265118545366 -3.4243903376039166e-05 0.00015001198142782394 -0.9948864950153096 1.687457607215336e-05 1.9899436507302874
124 1240 0.00030208741850894547 0 17.909256802563107 -1.9897993708693353 1.9899273851960995 0.9950227728013528 8.505585567380233e-05 -1.989949944412493 -4.161739446309979e-05 9.096709904178076e-05 -0.9949195124868742 -9.394411897403954e-05 1.9900677132284195
125 1250 0.00028428885328639727 0 17.909263694305395 -1.9898224412282013 1.989852588539359 0.9950303292315144 7.044464891093146e-05 -1.9897989973949866 -0.0001270145432714077 -4.5804272020762236e-05 -0.9947831823040448 4.316099373651045e-05 1.9897721726599076
126 1260 0.00026968076436405 0 17.909260015871837 -1.9898710868246048 1.9899546718578953 0.9950376326218446 -1.033635222721463e-05 -1.9899081006946917 -0.00011939291944083306 -0.00013457111018797593 -0.9949012164765882 -0.00012810980776142885 1.9897556399708913
127 1270 0.00023410235585371922 0 17.90925348612504 -1.9899225919660997 1.9899905788724466 0.9949849813942293 1.5318999412533937e-05 -1.9898298240601573 -0.0001896905660603933 -5.299966830881484e-05 -0.9949665091420171 -2.5700649359464516e-05 1.9899071532604617
128 1280 0.00020545313199668105 0 17.90925600356482 -1.9899269759491212 1.9899397441068682 0.994997407254428 6.937399869601742e-05 -1.989774739778649 -0.0001164232020338214 -0.00010946893248442464 -0.994850110277199 5.185394743574346e-05 1.9899083394282453
129 1290 0.0001907763059235281 0 17.909250394724566 -1.9899132536295852 1.9899993889097503 0.9949400061791703 6.904650192951847e-05 -1.9898905439595458 -0.00013691596171213445 -4.1901809193074097e-05 -0.9949148128014681 4.72585115814094e-05 1.9899209404860148
130 1300 0.00019237574730490204 0 17.90924831161277 -1.9899572161744508 1.9899403367880135 0.9948365703783653 7.63543107970591e-05 -1.989909848714352 -3.510572757358243e-05 1.2977698995495486e-05 -0.994972461477465 3.3231485994471725e-05 1.9899463854603778
131 1310 0.00018794603397197373 0 17.90924663323763 -1.9899015780409668 1.9898951213160438 0.9948517227677467 9.828434494445639e-06 -1.9898719424140867 -2.0106545512739314e-05 -7.614165454368304e-08 -0.9949547419872699 6.565988891119148e-05 1.9899379194253215
132 1320 0.00017735927876200277 0 17.90924744943686 -1.9899093629438043 1.9898931165894516 0.9949171897833877 7.89800319429475e-06 -1.9898779032371705 2.491175016928885e-05 5.765223916558845e-05 -0.9950121327089975 -0.00010827480726633775 1.9899468189107927
133 1330 0.00015445400422650128 0 17.909248589742447 -1.9898201082269553 1.9898931781492675 0.9949280468671595 2.6563454818025567e-05 -1.9898251563157463 -8.698205618764117e-05 6.502550033476501e-07 -0.9949432451698155 4.005466924864274e-05 1.9899490144004062
134 1340 0.0001365063738547633 0 17.909245314557268 -1.989897078862608 1.9899013486326276 0.994937551681884 -4.470750009682199e-05 -1.9899321679014506 -7.045888894696432e-05 6.009534406686155e-05 -0.9949433187714369 1.5735861464635986e-05 1.9899188967689558
135 1350 0.00012609078565010837 0 17.909245839104926 -1.9898572550934082 1.9899102891466147 0.9949446695421403 -3.351194347586697e-05 -1.9899604708157732 -2.829067157715232e-05 6.713466295317642e-05 -0.994922791862372 -8.766915383683658e-06 1.98995232867425
136 1360 0.00012007902275500457 0 17.90924429253954 -1.9899038480605016 1.989924420035944 0.9949660158157139 1.660673748615763e-05 -1.9899249294548687 -3.433141290581061e-07 7.756881084272712e-05 -0.9949399672924696 -7.621103000235884e-06 1.9899144942831442
137 1370 0.00011939072101664574 0 17.909246114734373 -1.9898823797309446 1.9899031930840376 0.9950253895057651 -4.586380297459637e-05 -1.9898902863192551 -4.890604161478204e-05 4.0082897923185086e-05 -0.9949663401142567 -4.1467592895810316e-05 1.9898618172547198
138 1380 0.0001048419721464891 0 17.90924476248439 -1.9899199172830289 1.9898505027662503 0.9949312566885712 -4.401982626534195e-05 -1.9899052557874795 -1.2539486401571231e-05 2.6423854150779434e-05 -0.9949466351363245 2.250275168835753e-05 1.9898747347930144
139 1390 9.982244330478761e-05 0 17.909244242060623 -1.9899253111612358 1.9898640803412324 0.9949497571198811 -5.021405857234627e-05 -1.9898925803983794 -1.80113195231047e-05 2.7459825242447632e-05 -0.9949750627209669 1.4032669819411563e-06 1.9899201807152263
140 1400 9.315339486666752e-05 0 17.909243772710198 -1.9899019187279208 1.9899132062659939 0.9949830459157756 -9.904647951957241e-06 -1.9898874243585654 -4.122576277329603e-06 4.972147778146778e-05 -0.9949783870144971 8.484266148308852e-06 1.9899245683552917
141 1410 8.828368602257384e-05 0 17.90924390219935 -1.9899065025252916 1.989905509508428 0.9949847849583697 3.226378195837712e-05 -1.9898659009857493 3.720581859200661e-06 2.7468297243556675e-05 -0.9949746485762637 -7.670791024820295e-06 1.9899241838321364
142 1420 8.314212904571843e-05 0 17.909243458839626 -1.9899147938348087 1.9899008805802516 0.9949715091413619 7.478224859814635e-06 -1.9898932163577951 3.429687646499452e-05 -2.1126492436792177e-05 -0.9949701053364468 2.1308593113150424e-05 1.9899090598132325
143 1430 8.005944396222979e-05 0 17.909243502071376 -1.989890859952854 1.9899034653871879 0.994971064366438 9.9738789357135e-06 -1.9899310979644123 4.164381537532286e-06 -2.7164147226595606e-06 -0.9949694860749678 4.1797201920211915e-05 1.9899233223297483
144 1440 7.381498827137777e-05 0 17.90924347128815 -1.989888668832547 1.9898805828187687 0.9949382544870394 -1.3120484584118076e-05 -1.9899254851557215 1.9714103719045396e-06 4.727494736541919e-06 -0.9949579692092435 -2.5238560067728487e-05 1.9899079588983841
145 1450 6.847949254442813e-05 0 17.909243435512607 -1.989896870875126 1.9899349393646368 0.9949755636132533 -1.3471694898285507e-05 -1.9899295147630198 3.387238509176027e-06 -9.384680163815766e-06 -0.9949552317150695 -3.09745719012124e-05 1.9898969965322946
146 1460 5.923829943690887e-05 0 17.909243392916153 -1.9898895222017778 1.989927203649103 0.9949797957331339 1.976673231312705e-05 -1.9899155776834707 1.4329975114834359e-05 1.1983673126971643e-05 -0.9949831345317224 1.2220532278883033e-06 1.9899041329491833
147 1470 5.564423607709019e-05 0 17.909243395456556 -1.9898946097123773 1.989913625631932 0.9949703079829165 -1.149798653079373e-06 -1.9899423885609473 6.45706991331009e-06 1.6364504746756867e-05 -0.9949758829462491 -2.5010217991637365e-05 1.9899174521668392
148 1480 5.401785375409919e-05 0 17.909243307879336 -1.9899329500540923 1.9899165903232336 0.9949708068167035 -5.474401376232249e-06 -1.9899181119819405 -1.6802482105855318e-05 1.7030120279199704e-05 -0.9949596776041527 -3.057911094833241e-05 1.9899148118929517
149 1490 5.0106098002310475e-05 0 17.90924316235099 -1.9899149765137796 1.9899157161276915 0.9949716670712028 -8.820036550888506e-06 -1.9899378611956273 -6.001697112221941e-06 -1.5303277392130633e-05 -0.9949600841815066 -6.5964342873425575e-06 1.9898979727033077
150 1500 4.493675190781711e-05 0 17.909242989203193 -1.9899162245383162 1.9899162112409965 0.9949650582741499 -1.3983434855775602e-05 -1.9899247936375044 -8.288791745429043e-06 4.6364217086168193e-07 -0.9949606316870775 -4.6405916584809835e-06 1.9899191892392956
151 1510 4.3810952262075836e-05 0 17.90924303317523 -1.9899212825967478 1.9899023198748247 0.9949686663747987 -6.757233916817893e-06 -1.9899034622665985 -6.860251818415531e-06 -4.750259976674596e-06 -0.9949477883311031 -1.3918478361343028e-05 1.9899096939852075
152 1520 4.053619380397964e-05 0 17.909243027528376 -1.9899110175595307 1.9899097676623896 0.9949703101214663 -1.5477802304073883e-05 -1.9899027173065194 -6.080208989860376e-06 3.8652628282864135e-06 -0.9949500872223306 -1.2627458323320922e-05 1.9899103215681453
153 1530 3.693026265675435e-05 0 17.909243070308676 -1.9899256993117844 1.9899180798546006 0.9949637586013467 -1.3538377159789672e-05 -1.9899033775698658 -4.3210989240252313e-07 -8.150421408174554e-06 -0.9949568050682583 -1.7233632294558226e-05 1.9899018515913134
154 1540 3.2602369456826275e-05 0 17.90924298186306 -1.989917768463602 1.9899105405582278 0.9949590862626262 -1.7548302778478263e-05 -1.9899051911477725 1.929804330153201e-06 -2.361917511340173e-06 -0.9949679002119943 -3.189216404273986e-06 1.9899062887288552
155 1550 3.202429739014072e-05 0 17.909242946111178 -1.9899086166894895 1.9899200955437395 0.9949602248251379 4.352472396533439e-06 -1.9899079120363727 1.8852234477165833e-06 -7.72948426116878e-06 -0.9949565272065098 2.157775248996302e-07 1.9898992312625443
156 1560 2.9508387113621523e-05 0 17.909242994657433 -1.989901296818984 1.9899159291184012 0.9949696390416171 1.327904533297089e-06 -1.9899184815276272 6.238126393024909e-06 -2.43810613392431e-06 -0.9949647542580338 -3.734921613258462e-06 1.9898978957438846
157 1570 2.7221295637166605e-05 0 17.90924292011742 -1.9899173856610095 1.989921676273758 0.9949626459663364 -5.3239616596469385e-06 -1.9899090810904454 4.660477607216095e-06 6.733498561450489e-07 -0.9949628709360221 2.8680333056687396e-06 1.9899107364938715
158 1580 2.3869463687081446e-05 0 17.90924291100238 -1.9899091110952252 1.9899112991071342 0.9949571877985717 -7.875527394352961e-06 -1.9899137453651679 8.437373185033522e-06 -1.627313295756036e-06 -0.9949583098304341 -2.254303747779641e-06 1.989907944077991
159 1590 2.136764493852112e-05 0 17.90924292295452 -1.9899043557310698 1.9899119690206688 0.9949630937663273 -5.112547439705981e-06 -1.9899049548634333 6.695072382637535e-06 -1.957919722080419e-06 -0.9949614581058501 2.7028720129331437e-06 1.9899090903137904
160 1600 2.1171360786046608e-05 0 17.909242912091045 -1.9899052793068392 1.9899094824290728 0.9949540448821517 -6.479405778005886e-06 -1.9899147295724313 -3.788008291777377e-06 4.613991784742295e-06 -0.9949614988940265 -2.1245710570946097e-06 1.9899096917955719
161 1610 2.089633219721952e-05 0 17.909242916554618 -1.9899097509500039 1.989910128821216 0.994955411220752 3.3361761137290772e-06 -1.989909086060312 -1.4944627257262867e-06 1.077451060515327e-05 -0.9949604142405237 -3.250647545733674e-06 1.9899175629915005
162 1620 1.8733536186245365e-05 0 17.909242916782787 -1.9899113591366657 1.9899126809010304 0.9949565033250707 -1.151838345256275e-05 -1.9899165166213733 -3.1670496157591876e-06 3.939980376523538e-07 -0.9949635765840369 2.4277052880267326e-07 1.9899157606507365
163 1630 1.715633377958799e-05 0 17.909242907740662 -1.989908577549152 1.989906974237925 0.9949591042220702 -5.5295501033086905e-06 -1.9899126645284217 -4.143488954816145e-06 3.9126914074398063e-07 -0.9949630338725655 -7.022327535166883e-06 1.9899125177630244
164 1640 1.5551658592671742e-05 0 17.909242896056895 -1.9899124672118562 1.9899071241876796 0.9949636734463578 -2.791486117598987e-06 -1.9899127578497877 -2.7317108744898242e-06 3.691256636746061e-06 -0.9949628624324629 -3.166964832030261e-08 1.9899130188385568
165 1650 1.4013387038272176e-05 0 17.90924289457753 -1.9899059847417664 1.9899142995712495 0.9949615039047499 2.896545747637437e-06 -1.9899120823992313 1.6169897827573545e-06 1.5096879086182926e-06 -0.994963431063319 1.0376374589182082e-06 1.989910553122367
166 1660 1.2075348374754937e-05 0 17.909242891700956 -1.9899104671293686 1.9899108004324781 0.9949589371495036 -5.726475267454861e-06 -1.9899115067884976 -3.461571782354167e-06 4.425847989314348e-06 -0.9949611177021738 8.745394712799282e-07 1.9899120038565659
167 1670 1.0829441239146958e-05 0 17.90924288517482 -1.9899089134338197 1.9899119166875276 0.9949602019090124 -1.72975564307442e-06 -1.9899113611707628 -3.26248182590249e-06 2.518274048534237e-06 -0.9949603723933691 -2.185049514095393e-06 1.9899107669255132
168 1680 1.0629727212258784e-05 0 17.90924288233066 -1.9899107245948413 1.9899154905742966 0.994959611168752 -1.8230502673931676e-06 -1.989910559784742 -7.971469482320275e-07 -5.65813747102888e-08 -0.9949564593190782 1.057988942187009e-06 1.9899140935064645
169 1690 9.458240140858223e-06 0 17.90924288187574 -1.9899106972371514 1.9899101682566536 0.9949612867025699 -2.925991596808465e-06 -1.989912072501222 4.5959416707217137e-07 -1.0956370475292325e-06 -0.9949584720727833 1.7650260065907565e-06 1.989911329211458
170 1700 8.760685613146723e-06 0 17.90924288233235 -1.9899109695416521 1.9899105051986172 0.9949611138003641 -7.842345063534623e-07 -1.9899106257801107 -8.123286420351731e-07 2.581963102126636e-06 -0.9949579105723809 2.1591092122082064e-06 1.989914098524641
171 1710 8.600027923835899e-06 0 17.909242883280385 -1.989910961836453 1.9899072514950917 0.9949590291024311 9.326078263306589e-07 -1.9899106164981293 7.816545402632349e-07 5.556746734099764e-07 -0.9949601989115303 1.114836011018388e-06 1.989912450066111
172 1720 7.905656508364905e-06 0 17.909242879576468 -1.989911625366236 1.989910216895323 0.9949586884670175 -1.8254861127299314e-06 -1.989912015072337 -1.3580772491513434e-07 1.386823841736783e-06 -0.9949583170685017 -9.155291546817072e-07 1.9899099287665247
173 1730 7.197053736704135e-06 0 17.909242881046495 -1.9899135273255126 1.9899101635892216 0.9949595890780332 2.8080788200971433e-07 -1.9899101763130642 -2.6928277161887266e-06 1.030384692696036e-08 -0.9949593670227517 3.894127277345286e-07 1.989910154067009
174 1740 6.662033123159073e-06 0 17.90924287953365 -1.9899122756286856 1.9899122390469324 0.9949616271099926 -6.990425937596055e-07 -1.9899120732047046 -1.4060187970803623e-07 1.7789636653953885e-06 -0.994958268718619 1.1498525528561627e-06 1.9899109327014977
175 1750 6.246813703442877e-06 0 17.90924287850126 -1.9899118019909523 1.9899124927716043 0.9949586464328486 4.67463272192582e-07 -1.9899120703599067 -1.8372006517581614e-07 1.406550130366097e-06 -0.9949581010058296 5.222806193766749e-07 1.9899094913247115
176 1760 5.872414593547168e-06 0 17.90924287940291 -1.9899109332345528 1.9899127288829566 0.9949608817094836 4.786241074278888e-07 -1.9899134564222904 1.3217359106481873e-06 1.7878426446809355e-06 -0.9949598439621229 -1.8909636647094044e-07 1.9899122637213227
177 1770 5.177492582294957e-06 0 17.909242879105705 -1.9899115527329498 1.9899114916482672 0.9949613500560297 3.088060879049091e-07 -1.9899126485228062 1.9099120762125226e-06 -9.972909695274473e-08 -0.9949576276841763 5.348234174390659e-07 1.9899120685701177
178 1780 4.514306492130977e-06 0 17.909242877717617 -1.9899124350157789 1.989911212056609 0.9949598754105874 -1.1382951281074267e-06 -1.9899121944410845 -3.289145141865796e-07 2.012438328481839e-07 -0.9949589338216299 -4.2151776419860463e-07 1.9899107149468633
179 1790 4.160827351951094e-06 0 17.909242877141082 -1.9899108411191346 1.9899119551598927 0.9949587951286326 -5.592707838756505e-08 -1.989912610409385 -3.9114045593356907e-07 9.601097659537471e-07 -0.9949591074318233 3.665645335245214e-07 1.989911904000413
180 1800 3.594064041983722e-06 0 17.909242877541402 -1.9899107585930889 1.9899109287908874 0.9949591316617243 -8.299650858971174e-07 -1.9899126492486756 5.064031979737228e-07 6.244245003950277e-07 -0.9949588762018161 1.7722328029341582e-07 1.9899124005438311
181 1810 3.5923312150069378e-06 0 17.909242877314313 -1.9899129892019025 1.9899110292451745 0.9949594919943336 -1.9899552628335538e-07 -1.989913322985632 5.955499963147643e-08 1.3895737513445878e-07 -0.9949584046640738 -6.249296536221428e-07 1.9899118391139319
182 1820 3.4377813088343786e-06 0 17.90924287729449 -1.9899128466854057 1.9899105841557454 0.9949593198648972 -2.2965260551919945e-07 -1.989912987952821 -4.241174788069812e-08 5.439129891807646e-07 -0.9949587593351833 7.521392653827813e-09 1.9899123054999723
183 1830 3.0318644981180077e-06 0 17.909242877098393 -1.9899122113857195 1.9899109070701506 0.9949591285070363 8.908898808597977e-08 -1.9899120651344757 -3.1905519242005987e-07 4.1599211832867696e-07 -0.9949589455537875 -2.3062502741702892e-07 1.9899112086835602
184 1840 2.6644377051823867e-06 0 17.90924287688631 -1.9899117147171579 1.9899117073923518 0.9949590738830093 -7.077541825993174e-07 -1.9899123734020432 -3.1427021716820646e-07 6.145677418077562e-07 -0.994958723312071 -2.608724181941416e-07 1.9899114399922893
185 1850 2.4568866118083184e-06 0 17.90924287688975 -1.9899123515368935 1.9899121536620625 0.994959716194181 3.1980945164204734e-09 -1.9899120717940226 6.356830430218305e-08 2.609237696673367e-07 -0.9949576253791682 7.88945428665902e-08 1.989911856299052
186 1860 2.563486466508186e-06 0 17.909242876771316 -1.9899114864190939 1.9899116581583511 0.9949588057620652 2.1079410992032075e-07 -1.9899119575440685 6.583668947499265e-07 -1.691364463914752e-07 -0.9949587597078061 -5.574175181110672e-07 1.9899120534675876
187 1870 2.5830728830510683e-06 0 17.909242876738844 -1.9899115643398757 1.9899121420475134 0.9949581604432152 -7.850201910795658e-07 -1.9899119066195523 -3.377299605350162e-07 -2.1132610977181176e-07 -0.9949583732515302 4.137975805936307e-08 1.9899119955043052
188 1880 2.86988762113524e-06 0 17.90924287677234 -1.989912511031773 1.9899130069313078 0.9949586067259365 -9.18458039975932e-08 -1.9899112512577346 -1.682064447319518e-07 -4.195331113440777e-07 -0.994958627080469 -4.372045119609148e-08 1.9899121361327283
189 1890 2.9505342408467713e-06 0 17.909242876954565 -1.989912860171409 1.9899124389512808 0.9949586209587569 3.908169517731072e-07 -1.9899109871448775 8.688400473618636e-08 -1.8689034091608518e-07 -0.9949581589788744 4.4699807219576246e-07 1.9899118189795977
190 1900 2.8265842784340846e-06 0 17.90924287681358 -1.9899121023391244 1.9899127514404145 0.9949586310618419 4.754792768060333e-07 -1.9899118550876067 -2.0058075328423836e-07 3.5194864784588065e-07 -0.9949584516651694 9.858348265261329e-07 1.9899117378394051
191 1910 2.6153122741000164e-06 0 17.909242876757602 -1.989911947424901 1.9899122619743876 0.9949588065845086 -6.97137344089999e-07 -1.989912256925114 1.0206905095295347e-06 7.845523471272158e-09 -0.9949589970132175 -7.20300853153369e-08 1.9899121155698365
192 1920 2.455190631739085e-06 0 17.909242876775096 -1.9899114639470832 1.989912431712192 0.9949591181670631 -7.96141253926252e-07 -1.9899127263460843 2.1467302783250805e-07 2.122286336833136e-07 -0.9949584346203126 -4.915531532972785e-08 1.9899121716796484
193 1930 2.374812081292866e-06 0 17.909242876751122 -1.98991225007786 1.9899118782581449 0.994958359576787 -5.830172282190621e-07 -1.9899122184314626 4.237350443205496e-07 4.3599967476637156e-07 -0.994957892377138 4.834544131033505e-07 1.989912003901416
194 1940 2.1592708642966034e-06 0 17.909242876532858 -1.9899120374449266 1.989912627083591 0.994958730830799 2.708952309969378e-07 -1.9899125940881266 2.521145092812696e-07 5.978410906248656e-08 -0.9949587263842129 1.9284396196354463e-07 1.9899118617106666
195 1950 1.9426186419158057e-06 0 17.909242876698983 -1.9899120713565055 1.989911908924542 0.994958823237667 4.6012613120333066e-07 -1.9899126768282909 1.1274191854135079e-07 3.0116123176573626e-08 -0.9949588100787257 5.114368819893171e-07 1.989911449589549
196 1960 1.721022250372545e-06 0 17.909242876524374 -1.9899119410767543 1.9899121188036029 0.9949586878399634 1.0964037176558638e-07 -1.9899124377909643 4.217431909531551e-07 -3.664104727129133e-07 -0.9949585946021393 7.029944972782741e-08 1.9899118612230433
197 1970 1.5818929982520525e-06 0 17.909242876623395 -1.989911705929652 1.989912113186529 0.9949583070859657 -5.708486043524295e-07 -1.989912205787073 2.6852347240225067e-07 -8.589080374117629e-08 -0.9949588963270242 -1.1661782246773279e-07 1.9899117610503902
198 1980 1.434905497075215e-06 0 17.909242876475474 -1.9899121038458185 1.9899120198101015 0.9949588377153908 -1.024556445197589e-07 -1.989912237037576 -2.1526970242825618e-07 -2.832416117266425e-07 -0.9949585376735179 1.4023564655343462e-07 1.9899119228269482
199 1990 1.2945933594748685e-06 0 17.90924287648437 -1.9899119758604493 1.9899121472504835 0.9949587710709459 2.2711887062479857e-07 -1.9899122402751663 3.488089400670799e-07 9.773976906887408e-08 -0.9949584519219131 1.0751802227854191e-07 1.9899119333255757
200 2000 1.1992771954654921e-06 0 17.90924287651451 -1.989911824745698 1.9899121467400147 0.9949588822309982 1.7134444107270525e-08 -1.9899121717066004 1.2839908153380544e-07 -1.3016847502399537e-07 -0.9949582019239943 2.2901203690804342e-07 1.9899120135818618
201 2010 1.0829227350032937e-06 0 17.90924287652048 -1.989911786068941 1.9899121373481343 0.9949589738513399 2.62660791356819e-07 -1.9899121347891529 1.022456559174257e-07 -2.41319700956384e-07 -0.9949583162203659 1.19141719315416e-07 1.9899121600600562
202 2020 1.1290875251994266e-06 0 17.90924287649193 -1.989911938838596 1.9899125501357318 0.9949588515298846 -1.8188421751634767e-07 -1.989912084651974 -3.0978921794796845e-07 -1.1858283144236276e-07 -0.9949585473016244 2.0645449618626734e-07 1.9899122230833273
203 2030 1.043409720856852e-06 0 17.90924287646166 -1.9899119892180621 1.9899122032502576 0.9949587327363403 -2.9152627886405224e-07 -1.9899122634250102 -9.924254883418392e-08 -6.582691449362644e-08 -0.9949584211008002 2.752031995133595e-07 1.9899121723784645
204 2040 9.464683174050736e-07 0 17.909242876487824 -1.9899119922520336 1.9899123521678834 0.9949587533276812 -3.1129970268624176e-09 -1.989912292683019 -1.3510106813112935e-07 -2.2538148365426458e-07 -0.9949581840144095 1.0500291343027838e-07 1.989912003034912
205 2050 8.404627087216985e-07 0 17.909242876452282 -1.9899118549948949 1.9899122109614829 0.9949586574126866 8.644667035351546e-08 -1.9899123400431085 1.7059278959827043e-07 -1.477853053073491e-07 -0.9949585012650752 1.2708574466225861e-07 1.989912218126108
206 2060 8.477454705558729e-07 0 17.909242876434845 -1.989912106453331 1.9899120331279045 0.9949585399718279 8.815482895296714e-08 -1.9899121321619517 1.1296539777476238e-07 -3.897000691562768e-08 -0.9949586751166537 5.6664124618311456e-08 1.9899119926411926
207 2070 7.601420452605975e-07 0 17.909242876419086 -1.9899120830238604 1.9899123481820165 0.9949586917756224 -4.2619828135119985e-08 -1.9899122934011195 -2.183185007232795e-08 1.079826842070381e-08 -0.9949585321164651 1.0193244175699308e-07 1.989912110261222
208 2080 7.507306749066759e-07 0 17.909242876424088 -1.9899122524970325 1.989912284271897 0.9949587346193781 6.808178802896801e-08 -1.9899124065275726 2.311599758724329e-08 -7.22441796453419e-08 -0.9949587074824167 -4.041020737499222e-08 1.9899120154215106
209 2090 7.201747511075139e-07 0 17.909242876426433 -1.9899121768475718 1.9899122073802336 0.9949586479222098 2.0199214914480493e-07 -1.989912329439648 1.8015939952261688e-08 -8.056661879979553e-08 -0.9949585673501928 9.975035220214821e-08 1.989912026640509
210 2100 6.707513242972757e-07 0 17.909242876422994 -1.9899122090096144 1.9899123493895798 0.9949586573567076 1.713193145643696e-07 -1.9899122464111079 1.1218468335811061e-07 -1.7386999732588123e-07 -0.9949585551921901 8.612047291916374e-08 1.9899122479937166
211 2110 6.236159346818752e-07 0 17.909242876420336 -1.9899121611490378 1.9899121585269177 0.9949585799492241 1.5801610202330503e-07 -1.9899120930240903 -9.269304259956084e-08 -7.923977055708973e-08 -0.9949586619973446 1.091679170985935e-07 1.9899121959619748
212 2120 6.057375519529265e-07 0 17.909242876412634 -1.9899123428144234 1.9899122702496608 0.9949585299698578 9.653329038677564e-08 -1.9899122829585043 1.4533195541985811e-08 5.68293431302622e-08 -0.9949587268477641 -4.186774555747803e-09 1.9899122030941756
213 2130 5.682255538095643e-07 0 17.909242876411923 -1.9899123521097584 1.98991217253563 0.9949585574046349 -5.153917144431924e-08 -1.9899122500964483 5.4996727731828124e-08 1.8441682081090347e-08 -0.9949585540988669 8.380510549133786e-08 1.989912204190872
214 2140 5.238775706549257e-07 0 17.90924287641677 -1.9899122496163875 1.9899120746955135 0.9949585510209764 -9.894838418436805e-08 -1.9899123452993661 -7.139717975968523e-08 2.821844548681701e-08 -0.99495857701863 -3.366293419415949e-08 1.9899121715161705
215 2150 4.6771181955761447e-07 0 17.909242876415163 -1.989912396146067 1.989912147301777 0.9949585632914929 -1.2313293878222705e-07 -1.9899121939954258 4.2811522319757756e-08 -4.44058967841943e-09 -0.9949586077063193 5.2720105670177764e-08 1.9899122258903241
216 2160 4.3151072102867085e-07 0 17.909242876411568 -1.9899122146979311 1.9899121060208023 0.9949586022557787 -1.8934229550075828e-08 -1.9899121747690713 -4.0382603723076016e-08 -3.4771602773727554e-08 -0.9949585863980775 1.2493468487870824e-07 1.9899122064665
217 2170 4.187060940607332e-07 0 17.909242876407376 -1.9899121867039875 1.9899121370318706 0.9949585790785822 -3.744648419096409e-08 -1.9899121964302284 3.563391936496071e-08 -5.441279044903985e-08 -0.9949586327123799 1.9653348439447644e-08 1.9899122280407322
218 2180 4.1688892198816465e-07 0 17.90924287640722 -1.9899121811542266 1.9899121910863609 0.9949585967093344 9.620891520545414e-09 -1.989912152335504 5.907406074140907e-08 -1.2733548018100634e-08 -0.9949586183046856 -2.4280276298902877e-08 1.989912297378501
219 2190 3.939686351322886e-07 0 17.909242876408385 -1.989912145432988 1.9899122086691892 0.9949586153138463 -4.718970240625951e-09 -1.9899121122281223 7.718900504718821e-09 4.3101295001789676e-08 -0.9949586147197959 3.2038414717898e-08 1.9899122518636136
220 2200 3.626727344063852e-07 0 17.90924287640577 -1.9899122094681563 1.9899122225320058 0.99495860697489 7.58519976758665e-08 -1.9899121888547169 2.3521965708468868e-08 -2.1943838489045407e-08 -0.9949586878929574 1.1454380776976275e-08 1.9899121994566986
221 2210 3.403556436405097e-07 0 17.909242876407063 -1.9899122921849153 1.9899122422468807 0.9949586505055168 6.1405385634722e-08 -1.989912196205517 2.8054742587422358e-08 3.5503283350063707e-08 -0.9949587003825143 5.742017325748904e-08 1.9899122860766976
222 2220 3.145010570389979e-07 0 17.909242876405074 -1.9899122334082036 1.9899122704880607 0.9949586582529095 -2.1611096320077642e-08 -1.9899122301897187 3.390404860090911e-08 5.243911489093911e-08 -0.9949586698303012 4.399481448381519e-08 1.989912274290467
223 2230 2.938534098412141e-07 0 17.909242876404065 -1.9899122501878597 1.9899122059009196 0.9949586086607966 2.756783630889816e-08 -1.9899122279612624 -1.4216850261174906e-08 3.8371829024456603e-08 -0.9949586611596425 1.1972452755848474e-08 1.989912258380908
224 2240 2.879933766294677e-07 0 17.909242876405855 -1.9899122045891686 1.9899121900468217 0.9949585953847909 5.29269689941671e-08 -1.9899122168944754 -3.5623675817573235e-08 1.0550663366810261e-08 -0.9949586111922404 7.087608841282691e-08 1.9899122366849924
225 2250 2.6673123504596407e-07 0 17.90924287640503 -1.9899122379203458 1.9899121650777463 0.9949586309496153 2.8161258114887727e-08 -1.9899122317148041 4.399850270477001e-09 3.468380923891254e-08 -0.9949586180112006 -4.038578252744218e-08 1.9899122756889647
226 2260 2.4505586742212124e-07 0 17.909242876404534 -1.989912194084623 1.989912231347113 0.9949585991585345 -6.92838842966211e-09 -1.9899122657381347 -2.887789176488575e-08 4.6185571580026966e-08 -0.9949586197152933 -1.515482898535208e-08 1.989912255119543
227 2270 2.4518079385957295e-07 0 17.90924287640533 -1.9899121812083878 1.98991225314047 0.9949585782635225 -4.070452224059809e-08 -1.9899122139475378 9.58978094388803e-09 3.793482460330914e-08 -0.9949586291540145 -3.868195416425866e-08 1.9899122187285838
228 2280 2.2790265702744045e-07 0 17.909242876404974 -1.9899121793806425 1.9899122484264384 0.9949586222212937 1.579944967645541e-08 -1.9899122776930456 -6.423576365799475e-09 2.5145712287380226e-08 -0.9949586873546048 -3.665244643242019e-08 1.9899122481246467
229 2290 2.078606084998599e-07 0 17.909242876404363 -1.9899121798470678 1.989912196660487 0.9949585973161639 -1.4035887669032455e-08 -1.9899122440590917 1.1928001413243565e-08 2.3669833588678663e-08 -0.99495865466908 -3.188996006454608e-09 1.989912235076657
230 2300 1.9394374605768115e-07 0 17.909242876404363 -1.9899122552380701 1.989912232356193 0.9949586304193603 1.1593451365800937e-08 -1.9899122793900799 -7.832422054373315e-09 5.638982428343499e-08 -0.9949586612766639 -1.792548906510182e-08 1.9899122530733477
231 2310 1.7989867180339176e-07 0 17.909242876403923 -1.9899122760974248 1.9899122473387727 0.9949586173834147 1.7536504686112878e-08 -1.9899122413873314 -1.5224705354365873e-08 4.058414196074717e-08 -0.9949586489991435 6.1936157014906e-10 1.9899122489236896
232 2320 1.69464432568262e-07 0 17.90924287640395 -1.9899121921569032 1.9899122440412171 0.9949586110254928 -1.700436511909856e-08 -1.9899122295631697 1.2036378494670355e-08 3.3211732386477305e-08 -0.9949586436714594 -1.0386648693806112e-08 1.9899122631180672
233 2330 1.5550046380694737e-07 0 17.909242876403653 -1.9899121955565673 1.989912238346142 0.994958627079601 -3.1864312980228217e-08 -1.9899122484767822 1.890884135697242e-08 2.4827110371041396e-09 -0.9949586524608389 -8.170264600577135e-09 1.9899122471319644
234 2340 1.4272964875575795e-07 0 17.90924287640331 -1.989912214557067 1.9899122344511704 0.9949586167663751 -2.3171755677978762e-08 -1.98991222071383 1.3157893863452304e-08 -9.497320322536311e-09 -0.994958626595444 6.0863964886532605e-09 1.989912231729912
235 2350 1.4114953008985983e-07 0 17.90924287640341 -1.9899121975681313 1.9899122415995336 0.994958625611284 5.319855811725888e-09 -1.989912230248258 1.0946917666806425e-08 -2.17583951937225e-09 -0.9949586249808942 2.1778894029222854e-08 1.9899122332065888
236 2360 1.3201289304405383e-07 0 17.909242876403113 -1.9899122222687293 1.989912235586547 0.9949586287585562 -5.290817454218011e-09 -1.989912220779644 1.073415670874641e-08 -3.5157682990933638e-09 -0.9949586332050695 1.767649524920541e-08 1.9899122430391627
237 2370 1.130909018224362e-07 0 17.90924287640327 -1.9899122032904866 1.989912221473613 0.9949586238301577 -1.7657465839598886e-08 -1.989912228705024 8.14557533514444e-10 1.0659862632509209e-08 -0.9949586384808009 4.102274980131768e-09 1.989912237906924
238 2380 1.0368869512856888e-07 0 17.909242876403184 -1.9899122191157455 1.989912225680205 0.9949586198304846 4.850320220845042e-09 -1.9899122214761025 -5.052173597775439e-09 -4.168664138164518e-09 -0.9949586529762922 -8.139025743584973e-09 1.989912221273011
239 2390 1.0017570260362192e-07 0 17.909242876403255 -1.9899122573881616 1.9899122375170206 0.9949586239672519 1.133829237000512e-08 -1.9899122134659204 4.698633090390414e-09 1.1481902274349804e-08 -0.9949586474260601 3.1285533869444514e-09 1.9899122251615997
240 2400 9.457900512566084e-08 0 17.90924287640317 -1.989912240052372 1.9899122496276043 0.9949586392311132 3.306856244056799e-09 -1.989912218717296 -2.2335664746170806e-09 2.1801143373044798e-08 -0.9949586328349698 1.2986534156251863e-08 1.9899122295169214
241 2410 9.213763161040908e-08 0 17.909242876403155 -1.9899122395080016 1.9899122460866856 0.9949586557150124 1.2523611746052057e-08 -1.9899122258509196 9.961496324531363e-09 4.289746321459509e-09 -0.9949586384474977 -3.1303288143250654e-09 1.9899122180152178
242 2420 9.138384905436938e-08 0 17.90924287640317 -1.9899122335099266 1.9899122521842751 0.994958633193264 -3.588270688529479e-09 -1.9899122305050998 -1.2554745980865996e-08 2.4042105814343843e-08 -0.9949586419576688 -7.32975941966933e-10 1.9899122349847957
243 2430 8.065657318648674e-08 0 17.90924287640307 -1.9899122313810724 1.9899122501506443 0.9949586324567633 1.4118580319653028e-08 -1.989912229321572 3.1014032809530037e-09 5.339854328572279e-09 -0.9949586368521551 -3.0634477510039246e-09 1.9899122242445455
244 2440 7.564413929496666e-08 0 17.909242876403027 -1.9899122252042356 1.989912242439536 0.9949586284550448 4.153557808858577e-09 -1.9899122234177695 9.064797061251516e-10 1.5985002967907463e-09 -0.9949586427211277 -4.187897571848102e-09 1.9899122454679776
245 2450 6.62699733540956e-08 0 17.90924287640304 -1.9899122400757812 1.9899122450418794 0.9949586413548358 1.2009935240252904e-08 -1.9899122306096588 -8.437698290732031e-10 1.2468707420501854e-08 -0.9949586383901381 -3.2788983458915964e-11 1.98991223950076
246 2460 6.076274941486677e-08 0 17.909242876402985 -1.9899122215666687 1.9899122374510385 0.9949586360604307 1.3163084813027212e-09 -1.989912231150951 -1.8666468550998119e-10 1.896118129156236e-09 -0.9949586341779024 -2.105036902342479e-09 1.9899122407799823
247 2470 5.5587206193867994e-08 0 17.909242876403013 -1.989912223899303 1.989912240191952 0.9949586264518541 4.8176936495093864e-09 -1.989912236641377 -2.8574615069806428e-09 6.0864319320120645e-09 -0.9949586432629332 -4.308913272444169e-09 1.9899122409311705
248 2480 5.035441962922015e-08 0 17.909242876403 -1.989912224861896 1.9899122298700411 0.9949586313995641 4.379684026823044e-09 -1.9899122398038736 6.470183665985046e-10 4.034502917691836e-09 -0.9949586377891931 6.891666747987238e-09 1.9899122327047003
249 2490 4.567190926194538e-08 0 17.909242876402985 -1.9899122301431649 1.9899122279122392 0.9949586298242278 6.308610911259783e-09 -1.9899122326619028 -5.594675920081924e-09 1.22576280577596e-10 -0.9949586436296883 -6.994503015181798e-11 1.9899122307816108
250 2500 4.326426080932998e-08 0 17.909242876402956 -1.9899122336698791 1.989912229822706 0.9949586364790799 5.177900494582542e-09 -1.9899122280643602 -4.253700847109488e-09 4.230784339726185e-09 -0.9949586392495201 2.183336042710235e-09 1.989912231187801
251 2510 4.3734925239628877e-08 0 17.90924287640297 -1.9899122409077614 1.9899122353950212 0.9949586397229434 6.517275359302942e-09 -1.989912237359382 2.2787580773319763e-09 2.3579750489964763e-09 -0.9949586438857279 -3.872916073154776e-09 1.9899122328073673
252 2520 4.164472539731352e-08 0 17.90924287640297 -1.9899122350439273 1.9899122345710467 0.994958640015807 1.0508785500171186e-08 -1.989912235589407 3.180309789344254e-09 1.1707107117580178e-09 -0.9949586412653404 -2.849561149187865e-09 1.9899122310593182
253 2530 3.942265513641296e-08 0 17.909242876402942 -1.989912236072233 1.98991223496475 0.9949586378893672 2.869531311459059e-09 -1.989912235784053 -4.0541286036488185e-09 5.604436454406327e-10 -0.9949586364537528 -5.455800817081508e-09 1.9899122333074266
254 2540 3.904730338444792e-08 0 17.909242876402942 -1.9899122350885305 1.9899122351832084 0.9949586383426562 4.666061826610194e-09 -1.9899122277031747 -2.6412945066286365e-09 -5.860377905948448e-10 -0.9949586390019197 -3.255913486609851e-09 1.989912233257938
255 2550 3.531943004176322e-08 0 17.909242876402942 -1.9899122363494435 1.9899122415222998 0.9949586382122173 2.7399079718874625e-09 -1.989912233683399 -1.739221391990335e-09 1.9204715964857825e-09 -0.9949586389870229 3.1827261702772895e-09 1.9899122336951875
255 2550 3.531943004176322e-08 0 17.909242876402942 -1.9899122363494435 1.9899122415222998 0.9949586382122173 2.7399079718874625e-09 -1.989912233683399 -1.739221391990335e-09 1.9204715964857825e-09 -0.9949586389870229 3.1827261702772895e-09 1.9899122336951875
